# x y z radius
-226.0675999999512 -231.17900000000373 2.106438267 0.794158178
-68.32900000002701 -230.7730000000447 0.243288804 0.478895377
116.69720000005327 -231.74700000043958 1.690399611 2.633923128
41.59959999995772 -224.64500000001863 1.172847778 1.267037566
-42.10880000004545 -224.14500000001863 0.559235858 2.045841703
217.24910000001546 -230.68400000035763 0.0 3.31788223
-131.76699999999255 -228.6870000003837 0.163185192 1.523835428
-91.59799999999814 -228.98400000017136 0.992338255 5.375586178
-44.68350000004284 -228.65400000009686 0.0 1.945281789
-4.48699999996461 -227.11700000008568 1.541796241 3.256839602
37.97019999998156 -226.77000000001863 1.366391764 2.175238504
-125.52339999994729 -225.2430000002496 2.835122898 2.520893753
1.4346000000368804 -225.97700000042096 0.0 1.123108665
51.93989999999758 -224.45600000023842 0.438122911 4.336580231
-137.73930000001565 -220.73600000003353 0.358392801 1.561007717
-121.2145999999484 -223.26500000013039 3.099907822 2.388483076
88.3464999999851 -223.09700000006706 1.224112113 4.091681774
25.990300000063144 -221.75200000032783 2.216787994 1.870145549
42.22459999995772 -222.2320000003092 0.0 0.775899042
39.583500000066124 -220.76500000013039 0.0 1.436685481
321.2514000000665 -220.68900000024587 0.428884103 1.862463999
320.95369999995455 -239.01000000024214 0.380040403 2.017620538
-144.05039999994915 -243.17900000000373 0.184138663 5.073805028
-62.54689999995753 -244.41700000036508 0.198816416 4.918886195
-119.69799999997485 -244.0160000002943 0.0 6.221032416
-132.57620000001043 -240.80300000030547 1.452699512 3.647157917
128.08539999998175 -241.89300000015646 0.76749776 4.126564495
261.0241999999853 -240.72300000023097 0.311166766 5.324679379
-205.10080000001471 -236.57500000018626 0.611970919 2.517049651
6.067200000048615 -236.75900000007823 0.65258449 3.369326438
-174.97120000002906 -236.24900000030175 0.369697276 2.771807296
-20.862800000002608 -236.06800000043586 0.606518035 1.561007447
-105.15009999996983 -235.0730000003241 2.217130402 4.181773367
-16.898999999975786 -235.58100000023842 0.607303979 1.311508582
-51.8125 -233.8300000000745 0.0 5.101976613
-71.79570000001695 -234.08600000012666 0.162790376 1.015890362
-68.65469999995548 -233.92000000039116 0.0 1.44662849
28.2208999999566 -233.27400000020862 0.591190209 3.857262206
11.096000000019558 -205.43400000035763 0.549567879 0.561554253
14.863600000040606 -205.06400000024587 1.334075147 0.98726777
-106.80400000000373 -194.8110000002198 1.012780228 0.414735437
201.86600000003818 -199.38400000007823 0.0 3.122013679
-195.66669999994338 -201.67200000025332 0.217150921 2.893257353
-57.44940000004135 -203.29500000039116 0.279440061 2.370410648
-52.419099999940954 -202.23500000033528 0.903636166 1.232632305
-30.0916000000434 -202.20800000010058 0.242617737 1.597314651
-97.03449999995064 -201.52900000009686 1.047013789 4.098683515
-188.23970000003465 -194.47500000009313 0.0 1.097287143
-144.74580000003334 -196.47200000006706 0.079936235 1.255674172
-141.32010000001173 -196.02200000034645 0.589797334 1.267038168
-108.57730000000447 -196.52100000018254 0.148050422 1.135799845
91.14009999996051 -199.05600000033155 0.51081599 5.289569692
-106.00899999996182 -198.03600000031292 1.555769519 0.75720007
-51.65729999996256 -197.8530000001192 0.94740693 2.20109533
-15.685100000002421 -196.8070000000298 0.017728398 1.783844556
-87.74040000000969 -196.2160000000149 0.0 0.56155444
14.30890000006184 -181.35500000044703 0.0 0.942706226
6.507800000021234 -181.01100000040606 0.0 0.987267807
-179.74690000002738 -178.5610000002198 0.73948719 0.775899119
141.44599999999627 -178.46100000012666 0.58080286 0.414735216
287.1293000000296 -167.7280000001192 0.0 0.507944984
-205.5167000000365 -166.31700000027195 0.701487869 1.426674139
-9.822900000028312 -166.15400000009686 0.272899835 1.870145622
-82.72750000003725 -178.67000000039116 0.0 2.418302637
-220.09869999997318 -178.88500000024214 1.609163534 3.747949374
-14.882800000021234 -177.73400000017136 0.860494892 4.212508861
206.92790000000969 -176.98700000019744 0.0 3.407398016
-138.36019999999553 -176.54800000041723 0.104347366 0.677260261
-93.73600000003353 -176.26500000013039 0.550316423 0.846575209
-167.0215999999782 -176.20200000004843 0.0 3.627454346
231.91680000000633 -176.14900000020862 0.725866968 4.219307122
348.07990000001155 -174.68900000024587 0.0 4.29673119
-197.54839999997057 -173.9370000003837 0.930620931 2.315348994
-191.7262000000337 -171.93800000008196 0.0 3.786000345
-184.62729999993462 -172.32800000021234 1.896917094 1.606263558
251.10999999998603 -173.17400000011548 2.927378895 3.587719524
269.7190999999875 -173.14900000020862 1.419225472 1.365060675
-177.10759999998845 -172.24500000011176 0.0 3.587722159
-31.09230000001844 -171.84700000006706 0.0 3.639288633
-6.575899999937974 -171.8420000001788 0.10287383 0.957790346
47.272899999981746 -171.61300000036135 0.954984708 4.060031433
135.02500000002328 -171.6980000003241 0.0 4.256512737
-164.15610000002198 -170.6970000001602 2.26480763 3.014569233
356.9910999999847 -169.18100000033155 1.294003857 2.296699361
226.80630000005476 -170.20600000023842 0.0 0.911788961
24.193199999979697 -169.7839999999851 0.0 5.418080559
-149.69469999999274 -169.36300000036135 3.275313821 2.719602607
-201.81019999994896 -168.38800000026822 0.851350089 1.354520659
-18.273999999975786 -168.03200000012293 1.523255483 2.833182296
155.63309999997728 -167.8300000000745 0.851998315 3.071095696
-180.19700000004377 -166.97600000025705 1.852579681 3.066426236
232.52859999996144 -152.87000000011176 0.0 1.148349828
-40.056199999991804 -152.44200000027195 0.024486969 1.38590323
253.94599999999627 -146.16100000031292 0.0 0.414735262
-174.89399999997113 -151.08100000023842 0.165050816 1.606263805
-37.23519999999553 -151.22300000023097 0.0 1.173048937
-146.25459999998566 -150.88200000021607 0.202482116 2.617547697
166.00679999997374 -150.55200000014156 0.0 1.930487771
142.1424999999581 -149.4360000002198 2.841568288 5.351532069
153.15789999999106 -149.2160000000149 0.341624144 3.243608292
268.8384000000078 -148.78600000031292 0.795484388 5.535847951
83.54310000000987 -149.26699999999255 0.075222129 2.745827957
126.19819999998435 -149.02100000018254 0.346000367 4.612085719
241.66870000003837 -147.75600000005215 0.0 1.375521282
-206.79509999998845 -145.87400000030175 1.028908989 2.714327345
-150.61369999998715 -146.14900000020862 0.215683227 3.398976322
13.54590000002645 -147.38100000005215 0.0 5.462869865
204.83929999999236 -147.92700000014156 0.185840961 3.894244044
326.28289999999106 -147.0050000003539 2.009475924 3.274394967
33.95409999997355 -146.6710000000894 0.605763856 3.709506083
257.0718000000343 -146.25900000007823 0.0 1.333187256
360.06319999997504 -146.38300000037998 0.0 4.031686671
338.4636000000173 -145.33100000023842 0.131504624 2.47107015
303.4002999999793 -144.54400000022724 0.0 5.612988129
-176.84290000004694 -144.55500000016764 0.439169994 1.759574003
55.561699999962 -144.62300000013784 0.0 3.005043123
240.37569999997504 -144.11300000036135 0.0 1.504904349
-173.65260000003036 -141.77500000037253 0.49066018 1.734963178
-180.5439999999944 -140.54100000020117 0.400432542 0.378600356
-168.62489999993704 -141.05900000035763 0.191177676 1.110273275
335.1800000000512 -141.24900000030175 0.544495401 1.892998373
-36.76899999997113 -140.56700000027195 0.474860795 2.003362487
-202.62899999995716 -161.8980000000447 0.517533914 0.829471135
245.06140000000596 -165.76900000032037 0.402069206 3.112817492
353.04469999996945 -165.12000000011176 0.0 1.831421004
36.134199999971315 -164.50200000032783 0.532613277 3.309231771
-13.359599999967031 -164.5500000002794 0.247050197 0.879786792
229.22120000002906 -164.20700000040233 0.0 2.922829273
272.07770000002347 -163.88300000037998 1.637416504 3.751768584
-189.17929999995977 -160.86500000022352 0.589745802 3.0288001
-154.28280000004452 -161.65600000042468 0.19453997 3.432547189
-74.28090000001248 -166.9700000002049 0.0 6.344232693
-226.64789999998175 -164.2780000003986 0.0 4.587157959
-83.08900000003632 -159.38800000026822 0.236992707 1.07084249
-219.15399999998044 -159.36100000003353 0.0 1.097287479
-203.57669999997597 -159.35200000042096 0.319529973 0.972640928
-198.43279999995138 -158.76100000040606 1.140028257 3.057063343
-1.872800000011921 -158.55400000000373 0.0 4.3167031
-16.84739999996964 -157.17300000041723 0.4757818 4.198876192
-62.37650000001304 -156.4810000001453 0.0 1.937899246
259.1755000000121 -152.84000000031665 0.0 4.339882776
-166.07889999996405 -152.88200000021607 0.0 5.022696679
-126.34779999998864 -153.25900000007823 0.044770724 5.551365502
-170.89449999993667 -194.07500000018626 0.0 1.343896632
-155.36650000000373 -188.66100000031292 0.0 1.070842551
-172.29209999996237 -188.60500000044703 0.151055011 2.141685144
-165.28189999994356 -188.10200000042096 0.0 1.650279224
243.20189999998547 -191.21400000015274 2.097767405 2.511346722
304.5075000000652 -190.5840000002645 0.577273808 3.571702585
-41.554000000003725 -190.56300000008196 0.267203548 1.123108821
-52.39150000002701 -189.58600000012666 0.449601803 0.829470799
232.7336999999825 -189.04200000036508 1.08642767 2.436018064
-73.2831999999471 -188.9550000000745 0.111435736 1.232632179
323.6530999999959 -186.87900000019 0.581792633 4.056497606
-160.63349999999627 -195.24000000022352 0.0 4.842529347
6.3532999999588355 -195.4940000004135 0.0 4.33327393
-64.38430000003427 -194.09700000006706 0.596320136 4.612086888
71.15729999996256 -194.3640000000596 1.285150285 4.119611912
-5.400000000023283 -194.39199999999255 0.0 2.539725446
-32.55249999999069 -193.2090000002645 0.413721343 1.701595029
103.22920000005979 -192.3560000001453 0.0 3.97800164
251.90340000006836 -193.6870000003837 1.209109253 3.239185767
292.3074000000488 -185.11300000036135 0.578568484 5.72174284
257.64769999997225 -185.26300000026822 2.176983017 4.045883408
-168.81019999994896 -184.90100000007078 0.483938374 2.031780934
-151.57140000001527 -185.65400000009686 0.0 3.153990304
126.70600000000559 -183.01900000032037 0.0 3.163065134
273.08420000004116 -183.20200000004843 0.0 1.209150552
-224.54039999993984 -182.8340000002645 0.815764994 0.97264184
-176.73560000001453 -182.2660000002943 1.14555056 2.761445142
0.832799999974668 -182.43500000005588 0.0 1.278300544
30.006000000052154 -181.7780000003986 0.904629127 3.212526796
267.8991999999853 -180.46200000029057 0.701169248 3.67846228
-47.1535000000149 -179.80200000014156 0.0 5.404837271
-233.6663000000408 -178.0920000001788 0.0 5.793941501
-114.19010000000708 -175.20800000010058 0.34187399 5.370250856
262.05650000006426 -124.625 0.942734676 1.570162283
-154.48889999999665 -122.64700000034645 0.0 3.846098946
-171.64079999993555 -120.69900000002235 0.806183983 3.278772315
37.09250000002794 -123.06100000021979 0.805057103 2.868378281
253.64950000005774 -121.4890000000596 0.343350305 1.570162213
5.163200000068173 -118.99400000041351 0.642175542 1.385903192
227.37809999997262 -118.72200000006706 0.998735092 4.596519213
292.5552000000607 -120.17900000000373 0.0 4.761935872
352.4426000000676 -118.58500000042841 0.237394004 3.158529019
-32.40520000003744 -118.9020000002347 0.914372106 2.698437624
-217.61309999995865 -116.36100000003353 0.137604567 0.561554535
-91.9775999999838 -117.80200000014156 1.155201868 3.670662924
61.40419999998994 -114.97700000042096 0.256160442 1.561007177
253.83600000001024 -96.9210000000894 0.468019667 0.655753272
118.87490000005346 -90.37200000043958 0.497091602 1.650278425
-199.2667000000365 -95.4660000000149 0.06003779 2.252590681
116.57850000006147 -94.16600000020117 0.108859419 2.358285006
-136.49360000004526 -90.40100000007078 1.672829845 3.527284233
206.5688000000082 -89.59900000039488 0.0 3.042962479
243.51110000000335 -88.48100000014529 0.0 4.511536932
-129.3057999999728 -86.68100000033155 0.0 3.812409767
-96.0230000000447 -87.07000000029802 1.462191156 4.205698648
-108.62890000001062 -86.83900000015274 0.518022621 3.112819452
191.99840000004042 -85.32200000016019 0.252777606 3.283139158
-80.52960000000894 -85.6140000000596 0.884351047 1.923049413
14.396000000066124 -105.26100000040606 0.475289031 0.169314698
235.77460000000428 -111.66300000017509 0.098359263 1.267037101
-226.05920000001788 -109.49200000008568 0.276611455 3.736458199
47.82510000001639 -110.61000000033528 0.649278847 2.567789435
90.67099999997299 -107.94200000027195 0.443817259 0.957790374
38.73109999997541 -106.80200000014156 0.473442886 4.343185938
-75.9030999999959 -107.53600000031292 0.416738058 4.489244072
-52.50399999995716 -107.21100000012666 1.274840327 0.239447622
-163.8469000000041 -106.20400000037625 0.0 1.001681473
257.84519999998156 -105.9320000000298 0.0 3.203589215
15.146000000066124 -105.86100000003353 0.169556826 0.239447385
-117.10069999995176 -105.49100000038743 0.0 4.927620958
14.695999999996275 -105.56100000021979 0.330990201 0.169314974
-133.811699999962 -115.62700000032783 0.0 5.39421942
119.42249999998603 -115.47000000020489 0.863193614 4.07060844
-210.08660000003874 -113.27400000020862 0.666722407 3.897926066
-170.3303999999771 -111.8000000002794 0.023771909 3.453363336
68.55449999996927 -114.9710000003688 0.626559673 4.154260223
242.6983000000473 -114.83799999998882 0.0 6.364531012
147.3055999999633 -113.51500000013039 0.0 3.131182995
-184.84380000003148 -110.47800000011921 0.851622486 3.478178477
-44.132199999992736 -106.53300000028685 0.0 6.825307489
-159.97459999995772 -102.84300000034273 0.0 0.987267971
78.51049999997485 -102.56400000024587 0.676090841 3.670661821
-168.8475000000326 -102.01000000024214 0.479769802 1.561007876
247.09239999996498 -102.19400000013411 0.0 4.369506936
340.6946000000462 -101.59400000004098 0.152928751 3.176629751
-185.99600000004284 -100.20600000023842 1.73687322 3.117420975
-103.38569999998435 -100.55200000014156 0.624709318 3.190140138
232.25380000006407 -100.2550000003539 2.33254692 3.75940221
63.4997999999905 -99.96900000004098 0.0 1.232631916
213.00399999995716 -99.0910000000149 0.575415991 3.747946258
9.188500000047497 -98.49800000013784 0.988524116 5.706694921
239.10010000003967 -96.74700000043958 1.529849496 1.456502393
-66.20440000004601 -51.02900000009686 3.798091674 2.660994818
179.69599999999627 -50.06100000021979 0.634884312 0.169314907
178.13410000002477 -66.02600000007078 0.183265258 2.687791814
-115.3192000000272 -65.84800000023097 1.800108785 3.76702215
-105.01639999996405 -65.3980000000447 0.0 3.225884987
146.60430000000633 -63.81100000021979 3.055935449 1.015890002
-178.42989999998827 -62.192000000271946 0.379801608 2.155029121
143.90000000002328 -62.661000000312924 2.794657419 0.846574729
-4.606499999994412 -61.75900000007823 0.0 5.909070231
-227.02610000001732 -60.20200000004843 0.361902176 4.568370686
-126.71750000002794 -60.46200000029057 1.25144059 3.883188569
146.61959999997634 -60.6589999999851 0.516932975 0.564383291
-157.49109999998473 -60.77700000023469 2.305532214 2.003363034
-157.61509999993723 -57.57700000004843 0.0 0.564383513
20.665200000046752 -57.59800000023097 1.64526061 2.797543482
333.49580000003334 -57.903000000398606 0.475911025 3.864685238
48.676800000015646 -58.03000000026077 0.0 3.956323425
59.083500000066124 -56.5160000002943 2.167294488 2.346097544
80.50659999996424 -57.200000000186265 2.505052438 3.603665962
217.41749999998137 -56.52900000009686 2.221782278 3.816165399
354.0742999999784 -56.087999999988824 0.408056392 3.411601268
170.50760000001173 -55.407000000122935 0.705876732 3.261236711
-167.12390000000596 -52.50400000018999 0.561027361 3.7172275
-60.193300000042655 -52.90800000028685 2.083202199 3.801113224
238.04570000001695 -51.99500000011176 0.33358682 3.721079056
260.8505000000587 -33.79800000041723 2.260295129 2.76144344
-8.25399999995716 -29.661000000312924 1.400465762 0.794157838
220.0627000000095 -16.611000000033528 0.287440989 0.718342516
347.88980000000447 -26.35800000000745 1.511934666 1.658941082
-116.8469000000041 -24.77500000037253 0.988749282 0.775898974
343.1670999999624 -25.153000000398606 0.0 2.88829632
-205.39459999999963 -31.005000000353903 0.0 5.14673311
-98.17550000001211 -30.442000000271946 0.7749339 4.880857019
49.10829999996349 -31.795000000391155 0.0 5.359562255
-19.515099999960512 -31.7160000000149 1.95024117 3.291860429
155.01720000000205 -30.975000000093132 0.268261206 5.769145538
187.0075000000652 -30.583000000100583 0.416520497 3.117419169
-159.5622999999905 -30.027000000234693 0.0 6.407182954
171.35190000000875 -28.658000000286847 2.099674888 3.419995075
31.084799999953248 -27.7320000003092 0.443685391 5.94534441
1.212900000042282 -24.937000000383705 0.336047709 4.627599917
-217.1975000000093 -23.238000000361353 0.0 1.632815558
236.76919999998063 -24.153000000398606 0.710545134 3.322199345
268.4008000000613 -22.872000000439584 0.616203171 2.188031522
164.6199000000488 -23.003000000026077 1.366878562 1.385902865
170.32750000001397 -22.73700000019744 0.716922068 1.908083188
62.36069999996107 -23.514000000432134 1.355335098 3.853544174
274.4568000000436 -23.07700000004843 0.928370841 3.411601594
-90.69599999999627 -21.067000000271946 2.410325351 4.441092141
-49.557399999932386 -22.755000000353903 1.655195968 2.601067038
-17.750999999931082 -21.882000000216067 2.394246731 3.678463961
-111.48580000002403 -17.688000000081956 0.0 3.411603619
-46.271500000031665 -18.941000000108033 2.544532704 2.833182543
134.81599999999162 -20.33100000023842 0.285389626 0.927376386
282.0034999999916 -19.61600000038743 0.0 2.134980071
-7.071099999942817 -16.40000000037253 0.490967481 3.949071172
-68.0348000000231 -45.42300000041723 0.0 0.610473979
-177.50789999996778 -49.688000000081956 0.0 4.273319382
-101.59640000003856 -48.65600000042468 1.613184385 3.122014993
184.11349999997765 -48.743000000249594 0.06594035 1.854752825
36.94900000002235 -48.35200000042096 0.151592357 5.204887918
5.748400000040419 -47.627000000327826 0.797934572 6.221031218
180.7160000000149 -47.394000000320375 0.0 1.255673253
224.76659999997355 -47.18500000005588 2.399973704 2.878354291
-128.66790000000037 -46.32600000035018 1.340679569 3.163066442
209.26370000001043 -46.778000000398606 0.0 6.223332742
-43.79350000002887 -44.46900000004098 0.937087483 4.872038385
196.38289999996778 -43.96200000029057 0.470338549 3.03352707
55.355699999956414 -42.44000000040978 0.64038217 3.883187242
254.95120000001043 -40.58100000023842 0.765055031 4.996943011
234.34429999999702 -37.59500000020489 0.251272873 3.531343437
186.9794000000693 -40.37100000027567 0.95072842 4.869093608
102.45330000005197 -39.95600000023842 0.648647648 5.538438065
-27.281899999943562 -39.84000000031665 1.944559337 3.846098209
-185.00359999993816 -34.230000000447035 0.212479557 4.942144504
-138.31449999997858 -35.08700000029057 1.7847961 4.04588609
-122.20239999995101 -35.34300000034273 1.059888545 4.042341681
81.57420000003185 -37.47000000020489 0.705866723 4.568368635
15.409300000057556 -34.96000000042841 2.352316251 3.080417048
216.4529999999795 -31.640000000130385 0.0 5.74674051
124.90549999999348 -76.32800000021234 1.288537588 1.343895985
331.68779999995604 -75.2770000002347 2.007666091 2.052833892
99.31620000000112 -82.48800000036135 1.23857367 3.751769529
-151.95900000003166 -75.61100000003353 1.795011671 3.347988705
-119.9320000000298 -78.02100000018254 0.642809609 0.846575309
-24.415099999983795 -78.31600000010803 1.016844569 4.605866778
267.4320000000298 -82.03700000001118 0.592964336 3.763212905
111.5851000000257 -81.36200000019744 0.0 1.775790535
64.52399999997579 -76.92000000039116 0.0 3.801112395
1.5981000000610948 -75.9020000002347 1.517131721 3.506906153
100.42370000004303 -74.67600000044331 1.230808708 3.793563035
-179.22320000000764 -83.0960000003688 0.0 4.901371708
32.3068000000203 -82.4930000002496 0.956156855 3.75177011
356.8192000000272 -72.86600000038743 0.820652176 2.534073815
118.18429999996442 -73.10600000014529 0.48608219 4.366226327
193.16599999996834 -70.91100000031292 0.122761705 0.92737626
-47.35490000003483 -72.38400000007823 0.0 7.959607849
-82.36410000000615 -68.92200000025332 0.0 6.685264883
-24.24780000001192 -68.02100000018254 0.639255184 5.56168304
-200.5688000000082 -67.19400000013411 0.328830854 4.664622839
234.95739999995567 -65.55400000000373 1.133157498 4.185197169
-65.06090000004042 -64.04800000041723 0.0 5.75671151
264.4880000000121 -133.76100000040606 0.0 0.846574928
268.9459999999963 -136.65400000009686 0.0 0.89593041
-159.02679999999236 -135.53100000042468 1.487706464 1.50490524
345.4019000000553 -135.09000000031665 1.930363039 2.86337516
-106.6587999999756 -133.3340000002645 1.106902883 3.153990001
-60.149199999985285 -143.10500000044703 0.0 5.196620347
-188.67889999994077 -139.71500000031665 1.6692993 3.309232772
228.1180999999633 -140.77600000007078 1.079095972 4.280019772
-164.09149999998044 -136.28100000042468 1.964072294 2.745829001
-144.8874000000069 -138.44000000040978 0.0 5.431293822
153.08559999999125 -138.84000000031665 0.116192088 3.098972962
97.85420000005979 -138.8070000000298 0.820606104 1.385902988
-84.92669999995269 -137.78600000031292 2.003935487 3.985202968
67.48490000003949 -137.1750000002794 0.194749388 5.70418207
332.46080000000075 -136.53000000026077 0.0 2.550986757
318.0866999999853 -135.97200000006706 1.104759985 3.797338092
254.12309999996796 -133.910000000149 0.0 5.686563155
-221.8519999999553 -131.78300000028685 0.4224724 5.135580949
-153.5102000000188 -132.8300000000745 0.366825816 3.912607117
-160.4303999999538 -129.85000000009313 0.774039357 1.232632405
-50.65559999994002 -130.6410000002943 0.040832123 5.21589261
330.12410000001546 -130.59800000023097 0.545586014 2.258942898
267.05850000004284 -130.8110000002198 0.169525891 1.173048308
-23.090399999986403 -130.8350000004284 0.0 3.278771413
290.861200000043 -129.86100000003353 0.673482553 1.406435134
88.53220000001602 -129.9320000000298 0.26156527 3.8086466
-28.10930000001099 -129.43500000005588 0.455344053 0.738027168
42.613800000050105 -127.41000000014901 1.590613724 3.478177191
102.313700000057 -127.21400000015274 1.271607601 4.185198176
-28.459599999943748 -126.40500000026077 0.129206381 0.879786556
-172.39139999996405 -126.3070000000298 1.275768826 3.56966094
121.88610000000335 -126.16000000014901 1.319921853 3.2700157
-0.4146000000182539 -127.88100000005215 0.0 6.989245526
-69.0905999999959 -124.7660000002943 0.157960553 5.734258461
70.31079999997746 -124.58500000042841 0.0 5.076627531
164.24280000000726 0.5819999999366701 1.043882806 1.160764745
139.8418000000529 16.580999999772757 0.404589625 1.436685273
157.01269999996293 15.14699999988079 1.801271658 1.015889902
-144.06929999997374 3.0899999998509884 1.240330438 2.666376387
294.1184999999823 3.6229999996721745 0.664568588 3.190137932
-65.23069999995641 4.037000000011176 1.665847057 4.767954885
163.90619999996852 3.981999999843538 2.264740468 1.676132776
146.92460000002757 4.90999999968335 1.092947676 1.097286462
190.1868999999715 7.287000000011176 0.365270831 3.216984482
22.454200000036508 7.790999999735504 0.0 4.0316889
315.8826999999583 8.912999999709427 0.512093195 3.945437689
182.2308999999659 10.075999999884516 0.143364189 4.300067215
39.25199999997858 10.134999999776483 0.0 6.852553404
152.22409999999218 11.56099999975413 2.287707104 2.346097217
134.8237000000663 11.765999999828637 0.779186373 1.701594767
263.51989999995567 12.488999999593943 0.0 1.148349785
135.81969999999274 28.01699999999255 0.0 2.201094955
-90.30400000000373 34.432999999728054 0.0 0.69810376
149.12100000004284 35.36399999959394 1.129706183 0.58652421
336.0868999999948 31.126999999862164 0.062814398 2.573364086
217.61750000005122 31.591999999713153 0.759824232 4.095182607
-97.13219999999274 32.97099999990314 4.110885115 1.426673911
-54.98730000003707 32.28499999968335 0.832999106 4.013873631
257.5500999999931 32.506999999750406 1.777097866 1.783843882
143.89950000005774 33.502999999560416 1.233613941 3.000269133
127.92749999999069 33.34599999990314 0.423133422 4.568368261
-22.9381000000285 35.412000000011176 0.0 6.715214321
289.4011000000173 36.287000000011176 0.0 3.611611222
231.54720000003 33.679000000003725 1.615172414 3.635346327
170.72279999998864 35.29299999959767 0.317066651 2.194572831
155.14600000006612 36.37199999997392 0.421597379 0.718342671
-154.9610999999568 36.69499999983236 0.353914342 4.192044235
96.14899999997579 36.9839999997057 0.179776897 4.353075189
223.04509999998845 39.0 0.722411691 2.201094554
271.66029999998864 38.63899999996647 0.105017304 1.900555545
348.18189999996684 40.76699999999255 3.751775005 2.017620232
324.0470000000205 39.58099999977276 0.179693546 3.763212497
160.99179999995977 39.80999999959022 0.057979344 2.858365911
149.43270000000484 40.321999999694526 0.0 1.676132448
283.0413000000408 40.471999999601394 2.042842047 2.70903912
128.24600000004284 42.235999999567866 0.974722445 0.957790077
225.79260000004433 42.60800000000745 0.701680406 0.911789079
-137.24719999998342 17.82299999985844 4.167192082 1.783844835
260.781399999978 17.68199999956414 0.316426294 3.886875355
134.95189999998547 18.359999999869615 0.921910572 2.207597503
-231.15319999994244 18.884999999776483 2.984906504 3.221439249
250.83400000003166 18.688999999780208 0.0 3.864685672
69.3965999999782 18.804000000003725 2.510925176 2.981098366
-82.73540000000503 18.970999999903142 0.259879776 5.418081708
170.21490000002086 18.845999999903142 1.991529715 3.952697934
157.18779999995604 18.75 1.393624321 1.446627183
-140.3556999999564 19.96999999973923 3.657288078 1.579265728
96.44740000006277 12.895999999716878 0.375795822 5.793938524
-171.4152999999933 16.709999999962747 1.041025879 5.294988792
130.44079999998212 15.989999999757856 0.0 3.05706191
-105.42389999993611 16.842999999877065 1.84794494 4.599638995
-24.266700000036508 17.61699999962002 0.200269962 6.130513655
9.461000000010245 16.977999999653548 0.635560976 4.450763492
133.55500000005122 22.63399999961257 0.993028509 1.831421666
176.8941000000341 24.623999999836087 1.076433685 1.718359379
-115.13509999995586 25.199999999720603 2.000492526 3.199113773
-150.75450000003912 26.929000000003725 0.593309153 2.96663966
-126.70579999999609 25.780999999959022 1.869871989 3.523218231
142.26130000001285 27.41799999959767 0.0 2.406417999
56.461200000019744 25.304000000003725 0.367643444 6.031513101
300.8000999999931 26.045999999623746 0.0 5.769144197
-35.318300000042655 27.68099999986589 1.601383751 3.747948047
-92.30180000001565 29.51299999980256 0.0 3.611613449
157.35920000006445 29.377999999560416 0.247332729 4.463625909
23.400000000023283 30.673999999649823 0.0 7.015855406
-153.00399999995716 55.68899999978021 2.00153068 0.239447561
100.26619999995455 56.09399999957532 0.0 1.160764756
-140.59049999993294 56.268999999854714 0.673269815 1.029903436
-155.01170000003185 57.200999999884516 0.330366916 0.610474172
-87.07019999995828 58.20199999958277 1.156504634 2.745828702
156.27350000001024 57.4660000000149 1.075646526 3.655008145
203.05420000001322 57.316999999806285 2.079684011 2.358284548
199.9849000000395 60.79399999976158 1.134930785 2.464306516
341.73420000006445 62.17599999997765 0.0 5.065318635
-170.9309999999823 60.35699999984354 1.992613755 2.932623086
228.7685000000056 60.84999999962747 0.0 5.240564618
168.31630000006407 60.95399999991059 0.385797086 1.300532902
50.1543000000529 62.131999999750406 1.303284354 4.624501075
-29.643500000005588 62.38899999996647 1.255843559 1.847009014
-220.6139999999432 62.43599999975413 2.738719964 4.457201622
-11.903999999980442 63.01399999996647 1.961635747 0.586524488
219.09600000001956 63.13899999996647 0.947974507 0.414737717
211.01069999998435 63.98899999959394 0.554195916 2.418301388
220.59600000001956 64.03899999987334 0.801793263 0.293260092
179.58620000001974 64.10299999965355 1.351148679 3.153988564
76.28150000004098 64.52599999960512 1.902027183 2.556600451
-48.228999999933876 43.463999999687076 0.463916492 0.338630009
128.93599999998696 43.958999999798834 0.838320508 0.378599963
208.8200000000652 45.54299999959767 0.391111114 1.693149598
146.295999999973 46.592999999877065 0.116372179 1.057371729
-5.355299999937415 36.924999999813735 0.222086484 6.163160049
-223.2151999999769 39.84599999990314 0.598771596 5.684046621
39.6304999999702 39.58499999996275 0.0 4.918885337
102.8418000000529 39.764999999664724 0.679768737 3.842368759
9.57530000002589 41.760999999940395 0.0 5.031249441
58.852799999993294 40.94799999985844 0.0 3.908940411
137.2001000000164 41.90999999968335 0.0 4.994074779
202.29469999996945 41.868999999947846 0.383726993 2.981097696
-85.64099999994505 43.070999999996275 0.0 4.773963847
-133.96039999998175 43.14099999982864 1.744327137 5.362237751
143.59920000005513 42.56499999994412 0.0 1.632814463
-55.3460999999661 44.01599999982864 0.0 4.788952551
151.47530000004917 44.316999999806285 0.163704851 1.823578198
164.9322000000393 44.78599999984726 0.0 2.010504017
79.15810000000056 46.60399999981746 0.0 5.085090804
-46.994899999932386 47.875 0.61962274 0.561554573
-155.7707999999402 48.5749999997206 0.52724516 3.270017149
108.87080000003334 48.66699999989942 1.463735711 3.96356248
190.8316000000341 49.519999999552965 0.0 2.141683818
227.06000000005588 50.16299999970943 0.220683123 0.84657472
44.805999999982305 50.43199999956414 0.105728024 1.606263264
-150.99080000002868 54.299999999813735 2.219954326 1.476054657
-71.8179999999702 51.48300000000745 1.507107883 1.197238278
274.17929999995977 50.30599999986589 0.0 3.65892703
210.00309999997262 51.17799999983981 0.282503969 1.551797298
-44.10999999998603 51.78999999957159 2.606220548 3.78221149
199.08909999998286 52.48799999989569 1.235960795 2.488411663
138.1889000000665 53.05099999997765 0.0 1.900556114
-74.72849999996834 53.97399999992922 1.292571417 1.775790489
-4.341499999980442 53.320999999996275 0.0 5.386240705
331.62670000002254 53.09499999973923 0.0 4.382608452
217.46719999995548 53.47499999962747 0.781047897 3.827417107
87.74789999995846 54.8410000000149 0.009673954 5.415433851
-60.10430000000633 56.579999999608845 1.133448326 3.085066909
59.629300000029616 56.80899999989197 1.683257418 4.339884266
250.2737999999663 57.46199999982491 1.687825952 4.017440854
29.386300000012852 59.59799999976531 1.287926203 6.165484853
94.07130000006873 92.1089999997057 1.373416878 3.194629178
-20.937099999981 92.44599999999627 2.14359815 2.730122768
234.42929999995977 93.60599999967963 0.38453579 0.507944848
-166.80400000000373 83.13899999996647 0.638771501 0.169314894
-167.10399999993388 83.43899999978021 0.531189174 0.169315129
287.3505000000587 80.04799999995157 3.642131548 1.375521195
212.81599999999162 80.25899999961257 0.0 0.378600096
261.2299999999814 81.37999999988824 1.186194042 2.976285173
-166.00399999995716 82.3589999997057 0.602276713 0.655754496
-34.73589999997057 82.64799999957904 1.563346512 4.174911806
114.0002000000095 82.78599999984726 1.628017424 2.482644992
246.94079999998212 84.00499999988824 0.99673829 3.394754383
325.8530000000028 83.9089999999851 0.247052723 3.846096026
106.0409000000218 84.51999999955297 0.663719017 3.789782489
-132.97809999994934 88.35299999965355 0.0 6.659486726
175.77619999996386 88.92499999981374 0.423581563 1.615162263
67.69599999999627 88.88899999996647 0.0 0.718342679
-167.8586999999825 89.18999999994412 0.35365477 3.945440827
-45.319600000046194 124.37999999988824 1.87623027 2.576508476
-128.1940000000177 126.62899999972433 0.238271794 0.927376221
62.53240000002552 114.09399999957532 0.445755335 0.561554318
193.67249999998603 110.92499999981374 0.0 2.094310453
212.98569999996107 112.73799999989569 0.0 2.038822141
-224.5344000000041 114.75599999958649 2.813724105 1.624013276
-123.55019999993965 114.87599999969825 0.0 5.121605695
-180.43460000003688 116.0 1.062276523 5.327374562
-81.70400000002701 113.38899999996647 0.463038279 0.414735642
112.13620000006631 113.55299999983981 0.0 4.013872635
349.6136000000406 113.66499999957159 0.0 3.89056068
188.91760000004433 114.43899999978021 0.64343571 2.88829721
289.3945999999996 115.125 1.188085172 2.853345879
28.384300000034273 115.30699999956414 0.0 6.577185799
-87.43940000003204 117.67599999997765 0.934262786 2.65560272
-227.4207999999635 118.37799999956042 2.342448129 2.370411239
73.78890000004321 118.41200000001118 0.893955888 3.97800185
-197.12549999996554 118.9379999996163 0.159568747 3.952700467
163.2060000000056 119.81199999991804 0.61490051 4.633789333
-46.146100000012666 120.12399999983609 1.779974768 2.038822824
94.2907000000123 120.6199999996461 0.45170244 5.202132731
-132.454000000027 121.87699999986216 0.359313214 0.478894984
213.0117999999784 122.3019999996759 0.898114516 4.895516189
-165.02960000000894 123.01299999980256 0.589067777 5.056826414
132.81590000004508 124.43699999991804 1.089637034 3.482295197
295.9035000000149 124.99199999962002 0.553957361 3.322199147
240.97990000003483 124.25999999977648 1.175756671 3.651083769
233.2345000000205 97.9539999999106 0.0 0.610473754
-201.9817000000039 100.5179999996908 0.422829672 1.791862342
-78.17070000001695 92.5969999996014 1.048996002 3.436720179
-109.02249999996275 95.09399999957532 0.308819522 4.602754469
330.97340000001714 96.0679999999702 0.594689423 0.942705685
45.27879999997094 98.51499999966472 0.890695551 5.826011118
239.39459999999963 99.0629999996163 0.418326774 3.515069877
338.8599000000395 100.23599999956787 0.0 6.209496617
-151.29669999994803 101.00299999956042 2.424810053 4.618299374
-182.95790000003763 100.80400000000373 0.760793061 5.857910133
305.9753999999957 90.6589999999851 0.787692697 5.399527438
-70.15069999999832 101.51199999963865 0.011902575 1.13579979
-198.65619999996852 103.10599999967963 0.0 1.815702365
98.85820000001695 101.42299999995157 1.878093053 4.901369479
-8.900299999979325 101.33899999968708 0.0 5.530669606
74.37300000002142 102.00999999977648 1.545043462 4.450763142
-83.86250000004657 102.08499999996275 0.0 3.697896548
17.675400000065565 102.35800000000745 0.0 6.031513455
-202.8937000000151 107.4039999996312 1.145111691 2.534076151
-163.7310999999754 107.04899999964982 1.101880947 3.823672633
-76.22669999999925 103.93999999994412 0.124849673 1.847009081
-23.59539999999106 106.32199999969453 2.430759207 3.317883407
83.74499999999534 108.25499999988824 0.539310406 4.411947207
186.6019999999553 108.77999999979511 1.106300129 2.066752511
261.7754000000423 108.70699999993667 1.306319191 3.76701992
227.14529999997467 108.8249999997206 1.955947067 2.771805391
-74.18700000003446 110.14799999957904 0.0 3.234759351
-56.124599999981 112.01599999982864 0.0 5.892066259
-98.59699999995064 112.52699999976903 0.021243617 6.014856069
-1.1487999999662861 113.72499999962747 0.0 5.909070168
225.49129999999423 143.6549999997951 0.21624251 1.110272421
-66.88320000004023 163.339999999851 0.851656179 1.701595106
208.7317000000039 145.85999999986961 0.327560997 0.633518737
117.8342999999877 147.214999999851 0.724766397 3.144886392
-27.372899999958463 147.0639999997802 0.872014695 1.322392783
-175.67050000000745 147.875 0.213563131 2.168290927
63.17269999999553 147.97799999965355 0.0 4.848443956
199.81510000000708 149.0069999997504 0.0 2.922829561
15.858699999982491 151.18599999975413 0.276575922 2.094311286
19.49600000004284 152.4389999997802 1.738350081 0.169315172
225.01009999995586 151.01499999966472 0.0 3.317881784
19.04599999997299 152.73899999959394 2.045466123 0.239447894
18.596000000019558 153.03899999987334 2.235534194 0.169315812
340.55810000002384 154.01999999955297 0.0 2.233417325
-52.964399999938905 155.74699999997392 0.782579984 4.818790575
242.7353000000585 154.26499999966472 0.0 3.770823075
253.57120000000577 155.23999999975786 0.568642144 3.674563524
202.5478000000585 156.69499999983236 0.0 2.545362284
-177.78269999998156 192.5559999998659 0.125392882 1.160765741
144.7306999999564 192.8249999997206 0.61195058 0.564383256
-96.83889999997336 184.78700000001118 4.410882892 1.170486175
-191.38939999998547 182.51599999982864 0.413730316 4.612088049
-79.69160000002012 183.77599999960512 2.569949268 3.365070011
346.80000000004657 182.64599999971688 1.58368784 3.591711974
-14.692000000039116 185.42199999978766 1.607601084 3.970789585
261.0393000000622 184.5869999998249 1.527493277 3.674563527
340.1768999999622 184.66200000001118 1.579530237 3.551580032
-92.06649999995716 186.84499999973923 2.758980091 0.957790558
-200.18009999999776 185.80999999959022 1.398861766 3.098974834
-136.33679999993183 187.27299999957904 0.479438242 4.999813921
-119.31689999997616 187.3739999998361 1.707720933 3.014568926
-204.93369999993593 187.64799999957904 0.658522924 2.346098601
-95.03099999995902 188.40699999965727 0.819380334 1.456503109
-146.75399999995716 190.4389999997802 0.0 0.718343115
147.02630000002682 187.87199999997392 0.958990566 5.053988486
122.38479999999981 190.9199999999255 1.923038208 2.633923199
160.8279999999795 191.78099999995902 1.456506545 3.108209783
-184.0516999999527 192.19599999999627 1.232732038 2.730123316
-78.03729999996722 169.70599999977276 0.297372987 0.50794521
-99.3194000000367 161.19599999999627 0.0 5.983796077
-167.40449999994598 162.5979999997653 0.0 7.201366337
144.03740000003017 162.58099999977276 0.466362751 4.555800277
-218.25199999997858 165.67099999962375 0.821179492 5.286861725
167.87919999996666 164.61199999973178 0.261544461 5.481204676
227.71810000005644 165.27799999993294 0.990705862 3.740289723
308.59010000003036 166.74299999978393 0.560443144 4.119610206
34.06200000003446 165.76399999996647 0.29800851 5.338124219
188.35680000006687 165.83499999996275 0.0 5.759198644
254.84420000005048 167.13999999966472 0.720190691 3.075758864
-122.66960000002291 168.13899999996647 0.302575554 4.239643702
68.1484000000637 171.62299999967217 0.448519405 2.807771725
-190.5847000000067 171.05400000000373 1.378248175 3.694018917
121.0278999999864 172.34599999990314 2.816563709 4.473249527
-150.01959999999963 173.49699999997392 0.805922491 4.205698993
318.8516000000527 174.61099999956787 0.0 1.244205707
151.72100000001956 174.9389999997802 0.232646319 0.478894857
-1.1278000000165775 176.1429999996908 0.0 5.7517288
-86.10069999995176 177.80899999989197 0.802132341 4.55894725
26.616900000022724 178.75499999988824 0.172105865 6.069417931
-172.15059999993537 178.39999999990687 0.0 5.620648432
-40.662600000039674 180.7489999998361 0.0 6.411654433
-89.10399999993388 133.08899999968708 3.262362441 0.239447632
332.26989999995567 127.24099999992177 0.937447174 3.230323054
-75.10100000002421 130.11799999978393 0.0 4.755914556
-105.95420000003651 131.37199999997392 0.0 5.630839352
-13.241799999959767 131.59499999973923 0.628533623 3.53540147
-136.67859999998473 133.839999999851 0.732267874 5.303103488
-34.79639999999199 132.90599999995902 0.287581389 5.21863982
0.126700000022538 134.67199999978766 0.0 6.351006214
-90.66649999993388 126.57299999985844 0.0 4.511539115
143.79980000003707 136.1879999996163 0.693374261 4.514713473
171.1430999999866 137.13299999991432 0.0 5.475971973
-180.5958999999566 137.95599999977276 1.928346216 2.922831396
71.38430000003427 137.80899999989197 1.670794751 3.208061355
32.788700000033714 137.87999999988824 0.0 6.650869773
94.74069999996573 138.28700000001118 0.0 6.598942077
242.735100000049 138.37799999956042 0.0 0.812006079
-196.99069999996573 139.964999999851 1.045183401 5.124404221
202.43249999999534 139.80499999970198 0.441017245 3.144886099
358.34600000001956 139.92999999970198 0.0 3.655006731
-229.48040000000037 140.93999999994412 0.0 5.65877268
237.69920000003185 142.75399999972433 0.0 2.677104425
-111.89630000002217 69.96999999973923 0.937779885 1.057372319
-176.7550999999512 69.5179999996908 0.316533781 1.160765605
208.11230000003707 69.72899999981746 0.0 2.052834927
280.7974000000395 63.804000000003725 0.5713265 4.883789749
-53.85609999997541 65.25599999958649 0.387406199 4.273318297
-23.846400000038557 65.9660000000149 2.021428158 4.198876322
358.1820000000298 66.53999999957159 0.0 4.639970278
17.183599999989383 67.83399999979883 0.139578516 4.812837153
222.39000000001397 66.3129999996163 0.0 2.07367639
225.7893000000622 67.9159999997355 0.89718484 1.606262799
-76.44570000004023 67.97099999990314 1.464321267 2.823045998
193.91740000003483 69.18599999975413 1.18648738 3.291859208
-53.883999999961816 72.21899999957532 1.890807094 0.655754338
-155.31539999996312 72.34599999990314 0.787521567 1.123109093
209.90260000003036 73.37199999997392 0.623569532 1.743203966
100.9028999999864 74.01399999996647 2.321652182 3.080416391
112.71270000003278 74.18899999978021 0.0 0.718342632
-156.60399999993388 74.43899999978021 0.801182106 0.169315026
-164.139899999951 75.34899999992922 1.094981099 1.831422566
-7.5450000000419095 74.71999999973923 1.659805035 5.399530315
285.9045000000624 76.70599999977276 4.260443762 1.743204061
-21.237300000037067 76.07199999969453 0.737842887 0.507945264
41.53529999998864 75.75599999958649 1.552925672 3.808647099
111.23600000003353 76.17900000000373 0.175294253 0.37859979
221.0344000000041 77.00499999988824 1.654279264 2.534074428
115.12100000004284 76.87099999981001 0.0 1.267037221
182.0975000000326 76.59899999992922 0.0 2.388481624
-225.40399999998044 78.11899999994785 0.43745484 0.655754491
107.80729999998584 77.11099999956787 0.702140825 1.667559224
-174.52170000004116 78.5449999999255 0.976955459 4.44431921
-60.97549999994226 77.66499999957159 1.740360288 3.846098332
-47.0671999999322 78.86899999994785 0.978171065 3.744121876
-185.26919999998063 80.80299999983981 0.531349337 4.316704422
-149.58149999997113 79.15099999960512 2.054604672 3.857263539
352.07480000006035 78.78499999968335 0.692551776 5.246030986
127.4259000000311 79.44499999983236 0.0 3.901599524
-87.50159999995958 80.21799999987707 1.536268098 3.801113424
197.84030000003986 80.24399999994785 0.555246431 3.774622722
-99.90669999993406 -14.925000000279397 1.148866992 4.349782253
-212.65090000000782 -13.867000000085682 0.0 4.845488906
-62.04460000002291 -13.68900000024587 0.836624127 4.991205263
51.1247999999905 -12.632000000216067 0.176063706 4.150808455
198.7160000000149 -12.287000000011176 0.730424844 2.207597073
-186.5439999999944 -11.162000000011176 0.550158467 7.032183357
345.9743000000017 -10.610000000335276 1.595581755 3.978000051
267.47239999996964 -10.02100000018254 0.388813793 3.655007419
-126.59860000002664 -7.8980000000447035 0.589914846 5.759201503
248.86170000000857 -7.436000000219792 1.328621103 3.631401251
227.40969999996014 -7.0730000003241 0.825063942 4.689137982
-33.883000000030734 -17.02100000018254 0.0 5.835844983
-170.9926999999443 -16.164000000339 1.553760898 5.1522998
-205.06700000003912 -3.689000000245869 2.054239881 4.524230926
-4.0631000000284985 -4.9930000002495944 0.48827868 1.375521831
13.988699999987148 -4.656000000424683 0.0 6.935718644
194.75260000000708 -6.081000000238419 1.110564692 3.261236854
287.67110000003595 -6.333000000100583 0.440154611 3.988795676
152.87510000006296 -4.744000000413507 0.33673921 3.167593316
68.00089999998454 -4.0480000004172325 0.765396129 5.235092915
180.609300000011 -3.8200000002980232 1.09667289 3.591712967
303.09050000004936 -1.6580000002868474 0.089676216 1.446627317
256.2528999999631 -3.3670000000856817 0.0 3.519145237
56.9945000000298 -3.1330000003799796 0.0 2.430127446
240.05160000000615 -1.8590000001713634 1.884514135 4.415193867
147.09450000000652 -0.10300000011920929 0.926160704 1.981781434
264.48869999998715 -1.141000000294298 1.429733632 1.981780651
-27.698399999993853 0.48999999975785613 0.408406304 3.709506378
90.06050000002142 0.30999999959021807 0.0 7.282513637
-5.162699999986216 3.154999999795109 0.0 5.193860976
359.66170000005513 4.166999999899417 0.772206616 5.034094726
-168.48399999993853 -215.7510000001639 0.334633796 0.535421594
-182.7719999999972 -212.96100000012666 0.875375912 3.539454546
-58.084000000031665 -214.96100000012666 0.0 1.466311274
326.66440000000875 -213.10800000000745 0.0 1.278299796
-55.373799999943 -213.0230000000447 1.006349375 1.232632124
105.08609999995679 -213.02500000037253 2.421092621 3.313559827
289.86470000003465 -212.55500000016764 0.661637694 4.915968308
-163.65540000004694 -224.22300000023097 0.0 5.005544474
-25.838299999944866 -220.88500000024214 0.0 5.031249696
123.40190000005532 -220.66600000020117 2.480240401 3.478176795
101.03899999998976 -220.02500000037253 0.0 3.407398479
0.6565999999875203 -220.02400000020862 1.527326815 2.321530679
354.5028999999631 -219.49500000011176 0.0 4.806874279
-109.92180000001099 -218.01699999999255 0.851808874 2.16167002
-52.07360000000335 -219.5050000003539 0.243246581 2.476865551
-56.5683999999892 -217.8230000003241 0.0 1.446628379
64.5908000000054 -217.42000000039116 0.0 4.052963925
313.65910000004806 -216.72700000042096 0.0 2.494164715
335.0999000000302 -215.70100000035018 0.749952219 3.335117319
-120.38969999994151 -215.97200000006706 2.548278647 3.135758797
-206.704000000027 -210.26100000040606 0.454460191 0.169315291
-207.00399999995716 -209.96100000012666 0.536737388 0.169313485
-208.05400000000373 -209.08200000040233 0.373388307 0.63351902
-40.29790000000503 -211.4660000000149 1.077048238 4.060032046
13.8125 -210.43500000005588 0.08949429 2.981098504
332.3495999999577 -209.85000000009313 1.261471003 1.551796659
20.708500000066124 -209.23600000003353 0.0 0.829470854
219.57640000001993 -209.23700000019744 0.067439749 1.989000107
341.6770999999717 -206.19300000043586 0.131566451 2.024712146
-105.54870000004303 -207.37900000019 3.451237092 3.98160479
253.3806999999797 -207.13400000007823 1.284955424 3.265628836
-174.58920000004582 -205.77900000009686 0.0 4.109162088
-160.5097999999998 -206.1860000002198 2.059447605 3.864688361
39.35920000006445 -205.49000000022352 1.27695852 3.519146494
265.15359999996144 -204.46200000029057 0.877107017 3.658926981
-80.70400000002701 223.92499999981374 0.824951206 0.447965315
300.85250000003725 226.29299999959767 1.155421687 2.848318038
-77.25049999996554 225.75799999991432 0.0 2.482645989
41.34979999996722 228.20599999977276 0.201267067 1.220947808
256.9459999999963 214.08899999968708 0.0 0.414735299
-208.90590000001248 217.72399999992922 0.647045674 4.376066212
-48.759399999980815 218.0059999995865 0.0 2.823046065
-90.72539999999572 218.43299999972805 0.0 4.140436853
92.32779999997001 216.57199999969453 0.29052816 2.511347163
286.5324000000255 213.81499999994412 0.544292514 3.639286753
149.09600000001956 219.33899999968708 0.0 0.378599741
-65.65780000004452 219.93399999989197 0.0 1.365061528
256.58169999998063 221.30999999959022 0.0 0.44796533
326.1005000000587 221.89599999971688 0.318817941 4.143894348
306.02210000006016 221.5299999997951 0.948766662 3.347986385
129.4204000000609 222.55899999989197 1.126591063 1.084145188
-85.57600000000093 223.9389999997802 2.082648648 2.073677366
-46.25239999999758 223.21999999973923 0.0 0.942706235
26.610300000058487 224.63299999991432 0.125419293 2.370410367
136.6777000000002 225.1769999996759 2.232971562 3.812408137
290.18599999998696 258.00899999961257 0.076454154 0.535420617
285.8059999999823 257.8589999997057 1.02503666 0.757199439
330.0293000000529 258.8719999999739 0.217847866 0.507944913
34.28260000003502 242.99299999978393 0.409620513 2.066753301
-89.33420000004116 242.92299999995157 0.0 2.406418978
189.83209999999963 243.3809999995865 0.023948131 1.759572779
-154.27540000004228 243.89199999999255 0.611542673 2.052836057
315.50620000006165 246.01999999955297 2.080225462 3.140324232
-109.52110000001267 245.7219999996014 0.206768451 1.001681213
5.977199999964796 245.16399999987334 0.547381422 2.436018951
58.95360000000801 244.68399999989197 0.0 2.70374381
124.92530000000261 245.6239999998361 0.191605736 3.252434712
174.64450000005309 245.91799999959767 0.0 5.394216707
47.1526999999769 246.71399999968708 0.0 2.888297717
-159.30400000000373 248.4389999997802 0.828133256 0.169314711
-160.05400000000373 248.88899999996647 0.653733928 0.338630002
-160.50399999995716 249.33899999968708 0.735230176 0.169314654
285.81400000001304 248.59899999992922 2.179822092 3.763212617
327.24600000004284 248.30899999989197 2.479014764 0.927376125
-154.204000000027 250.6889999997802 0.489833967 0.478895052
43.84369999996852 249.44099999964237 0.146778515 1.123108715
-118.39509999996517 249.35800000000745 1.281566341 4.398934277
193.70039999997243 251.00199999986216 0.294308038 3.853543155
24.365800000028685 251.01999999955297 0.201527538 1.110272687
-110.20400000002701 251.89599999971688 0.031335539 0.775899089
347.65419999998994 253.31199999991804 0.00564066 3.658926516
29.882800000021234 253.26199999963865 1.241879879 1.232632113
331.045999999973 252.03899999987334 0.675328005 0.338629973
330.4760000000242 253.11899999994785 0.333318268 0.378599609
325.0293000000529 253.5059999995865 0.0 0.507945509
-58.29769999999553 253.59999999962747 0.052413286 4.063561041
149.91029999998864 253.98699999973178 0.0 1.485733002
123.81909999996424 254.2689999998547 1.416202763 2.21955435
16.764199999975972 254.62799999956042 1.342235804 2.650199262
143.38419999997132 254.62999999988824 0.660910535 3.916266959
39.800000000046566 231.37799999956042 0.897123869 1.693150217
-113.78700000001118 231.89999999990687 1.747470349 3.436720327
132.45470000000205 233.77799999993294 1.061724104 3.149440944
42.504500000039116 234.86099999956787 1.049744609 2.25258974
49.89419999998063 234.5409999997355 0.0 1.255673615
117.83369999995921 229.23999999975786 0.759475838 5.149514426
-123.7850000000326 230.56899999966845 1.27109596 3.248026517
36.31599999999162 229.90599999995902 0.477086785 1.60626346
194.2306999999564 230.0639999997802 0.844264769 3.591713056
261.7593000000343 233.6129999998957 0.0 6.102389007
140.89100000006147 236.58199999993667 0.0 1.070842011
86.73889999999665 236.95299999974668 0.407281435 0.447966063
272.9065999999875 236.71299999998882 0.169183187 1.160764832
98.37990000005811 236.5789999999106 1.038243804 3.428367342
306.30020000005607 237.97499999962747 0.0 4.950833726
46.896000000066124 238.7559999995865 0.437195183 1.01589008
58.35950000002049 238.73999999975786 0.365594151 2.258944056
272.72100000001956 240.23899999959394 0.295116574 0.586524178
235.34700000006706 241.50999999977648 2.578867717 2.121510361
-46.49249999993481 238.0059999995865 0.0 5.256952473
322.5365999999922 239.26399999996647 0.0 6.493840399
149.80379999999423 239.3059999998659 0.0 5.168962106
50.60880000004545 240.97399999992922 0.0 2.370410131
74.44229999999516 240.63299999991432 0.0 4.501996591
279.7297999999719 243.95199999958277 0.0 4.549502315
-31.284800000023097 244.0979999997653 2.147685882 3.860976877
121.7514000000665 271.155999999959 0.0 2.059805768
34.54420000000391 274.02499999990687 0.0 4.306729718
5.799600000027567 273.0409999997355 1.26750706 2.1945736
-202.704000000027 276.8389999996871 0.178265517 0.414735531
257.6360000000568 277.4189999997616 0.678954367 0.378599497
277.8079999999609 282.1549999997951 1.142960768 1.466310625
19.33079999999609 274.4869999997318 2.099623324 4.226097474
275.8610000000335 275.95199999958277 0.0 3.212525409
61.85880000004545 276.54799999995157 1.324192265 4.329964563
316.1959999999963 278.44399999966845 0.0 1.311507908
345.06460000004154 279.3219999996945 1.109953175 2.239825965
131.02780000003986 279.4069999996573 0.0 3.674564377
-19.87899999995716 278.4579999996349 0.431138428 0.677260009
-73.38179999997374 278.58099999977276 1.114070492 3.094345368
336.6979000000283 281.8239999995567 0.0 5.180040796
259.3788000000641 280.22899999981746 0.0 1.579264732
252.44140000001062 280.86499999975786 0.583323706 2.562200232
285.46369999996386 281.08499999996275 0.0 3.4864081
145.62100000004284 284.2139999996871 0.362787666 1.015889914
323.483499999973 286.1389999999665 0.098289685 0.82947028
50.69980000006035 283.7269999999553 1.610485117 4.263243043
139.59600000001956 283.72099999990314 0.0 3.868393581
-19.500999999931082 283.63699999963865 0.223916497 2.412367847
262.76269999996293 286.53599999984726 1.048451176 1.606262688
-144.90059999993537 284.94499999983236 1.792826821 4.219309709
-50.102799999993294 286.73999999975786 1.185457692 2.682454768
120.74739999999292 287.7479999996722 0.62700973 5.486432867
-15.032999999937601 288.69499999983236 0.0 4.256513882
-42.85069999995176 288.5370000000112 0.140554579 3.812409211
333.670999999973 262.1769999996759 0.0 1.173048217
117.24950000003446 261.29699999978766 0.06096059 1.42667345
10.260299999965355 262.6889999997802 0.759918892 0.633518629
-30.59290000004694 259.7919999998994 2.057849387 3.8349015
29.363699999987148 258.3019999996759 0.415144055 1.365061422
125.18680000002496 258.6359999999404 2.514678922 2.302932855
325.96490000002086 260.33399999979883 1.255725831 2.290450037
4.854000000050291 259.73300000000745 2.358041776 2.639359992
307.13870000001043 260.1999999997206 1.718172826 2.873369762
300.55220000003465 259.88799999980256 0.246758235 4.649229223
152.4438000000082 262.09599999990314 0.870313408 4.07060819
-6.862300000037067 256.51199999963865 0.0 3.690135474
47.03159999998752 257.37099999981 0.51901384 4.150808548
178.09920000005513 258.0629999996163 0.0 3.539452607
-59.23300000000745 266.36499999975786 0.44360346 3.86468767
284.85999999998603 264.9379999996163 1.442649259 3.230323274
265.31830000004265 264.9309999998659 0.0 2.612063995
122.94559999997728 266.52299999957904 0.0 1.892998949
184.3279999999795 267.0319999996573 1.834410206 2.853346682
128.4472999999998 268.01699999999255 0.213833886 2.128256479
336.88360000005923 269.19799999985844 0.618558548 3.635345708
251.0398999999743 268.9579999996349 0.843694965 1.996193903
150.69310000003316 269.43599999975413 1.135456045 1.734962286
6.996000000042841 268.6389999999665 0.831946701 0.414735784
39.86499999999069 268.8289999999106 0.0 0.911789388
97.4152999999933 271.60800000000745 1.574610698 5.646090331
-5.2709000000031665 271.00899999961257 1.13252971 4.003145778
284.0117999999784 195.41399999987334 0.387033768 4.686079577
339.1143999999622 196.72799999965355 0.16387503 1.04372742
-191.10399999993388 197.13899999996647 0.290912746 0.16931522
-191.891500000027 197.8519999999553 0.0 0.478895352
231.15480000001844 197.3859999999404 0.734278209 0.69810314
185.14529999997467 197.7839999999851 0.597893653 1.385902766
-80.54709999996703 198.18999999994412 1.827676805 3.158531244
112.52489999996033 198.15699999965727 1.308309399 3.131183089
228.74600000004284 198.9389999997802 0.597538823 0.338629848
-215.579000000027 201.63899999996647 0.151230963 0.586524494
-185.9022999999579 202.10499999998137 0.0 4.343187512
-66.71109999995679 199.32299999985844 0.922929233 5.391560918
-0.17139999999199063 199.62799999956042 1.000567492 5.533260608
322.8490999999922 200.68599999975413 0.0 3.666753302
230.21369999996386 201.34299999987707 0.43648376 1.50490414
298.29390000004787 202.12899999972433 0.005972863 4.86025312
176.80610000004526 201.5299999997951 1.49841404 3.61161199
-50.368499999982305 201.26699999999255 0.158289368 4.794934971
138.74880000005942 202.24299999978393 0.801020359 5.502085848
311.8438000000315 190.88399999961257 0.62208118 4.872035442
-223.81489999999758 194.52799999993294 0.0 5.823553087
345.6537000000244 203.3589999997057 0.786900181 3.208059945
-97.76930000004359 203.29699999978766 0.410647301 4.533724783
119.2430999999633 205.84299999987707 1.607121682 2.971465987
-228.97560000000522 206.60399999981746 0.469673442 4.229489561
243.5446000000229 207.2609999999404 0.0 2.045840353
275.8017000000691 207.4199999999255 1.233751729 4.123088453
264.3115000000689 207.1929999999702 0.077909531 3.945437947
-83.46829999994952 207.6769999996759 0.0 1.267037907
141.295999999973 208.13899999996647 5.053955271 0.507944974
152.78509999997914 207.6199999996461 1.254492549 5.788987993
-219.2942000000039 211.26299999980256 0.600466246 3.967179322
307.4263000000501 210.96799999987707 0.093799523 3.199111601
352.32600000000093 211.02599999960512 0.0 1.606262367
-86.70519999996759 212.24399999994785 0.385221986 2.628476323
166.80819999997038 212.5789999999106 3.586251677 3.356538609
107.09349999995902 213.66299999970943 1.081846189 4.915969809
23.680999999982305 214.68499999959022 0.0 5.085091299
