# x y z horizontalRadius verticalRadius
-226.068 -231.179 2.10644 0.794158 1.19124
-68.329 -230.773 0.243289 0.478895 0.718343
116.697 -231.747 1.6904 2.63392 3.95088
41.5996 -224.645 1.17285 1.26704 1.90056
-42.1088 -224.145 0.559236 2.04584 3.06876
217.249 -230.684 0 3.31788 4.97682
-131.767 -228.687 0.163185 1.52384 2.28575
-91.598 -228.984 0.992338 5.37559 8.06338
-44.6835 -228.654 0 1.94528 2.91792
-4.487 -227.117 1.5418 3.25684 4.88526
37.9702 -226.77 1.36639 2.17524 3.26286
-125.523 -225.243 2.83512 2.52089 3.78134
1.4346 -225.977 0 1.12311 1.68466
51.9399 -224.456 0.438123 4.33658 6.50487
-137.739 -220.736 0.358393 1.56101 2.34151
-121.215 -223.265 3.09991 2.38848 3.58272
88.3465 -223.097 1.22411 4.09168 6.13752
25.9903 -221.752 2.21679 1.87015 2.80522
42.2246 -222.232 0 0.775899 1.16385
39.5835 -220.765 0 1.43669 2.15503
321.251 -220.689 0.428884 1.86246 2.7937
320.954 -239.01 0.38004 2.01762 3.02643
-144.05 -243.179 0.184139 5.07381 7.61071
-62.5469 -244.417 0.198816 4.91889 7.37833
-119.698 -244.016 0 6.22103 9.33155
-132.576 -240.803 1.4527 3.64716 5.47074
128.085 -241.893 0.767498 4.12656 6.18985
261.024 -240.723 0.311167 5.32468 7.98702
-205.101 -236.575 0.611971 2.51705 3.77557
6.0672 -236.759 0.652584 3.36933 5.05399
-174.971 -236.249 0.369697 2.77181 4.15771
-20.8628 -236.068 0.606518 1.56101 2.34151
-105.15 -235.073 2.21713 4.18177 6.27266
-16.899 -235.581 0.607304 1.31151 1.96726
-51.8125 -233.83 0 5.10198 7.65296
-71.7957 -234.086 0.16279 1.01589 1.52384
-68.6547 -233.92 0 1.44663 2.16994
28.2209 -233.274 0.59119 3.85726 5.78589
11.096 -205.434 0.549568 0.561554 0.842331
14.8636 -205.064 1.33408 0.987268 1.4809
-106.804 -194.811 1.01278 0.414735 0.622103
201.866 -199.384 0 3.12201 4.68302
-195.667 -201.672 0.217151 2.89326 4.33989
-57.4494 -203.295 0.27944 2.37041 3.55562
-52.4191 -202.235 0.903636 1.23263 1.84895
-30.0916 -202.208 0.242618 1.59731 2.39597
-97.0345 -201.529 1.04701 4.09868 6.14803
-188.24 -194.475 0 1.09729 1.64593
-144.746 -196.472 0.0799362 1.25567 1.88351
-141.32 -196.022 0.589797 1.26704 1.90056
-108.577 -196.521 0.14805 1.1358 1.7037
91.1401 -199.056 0.510816 5.28957 7.93435
-106.009 -198.036 1.55577 0.7572 1.1358
-51.6573 -197.853 0.947407 2.2011 3.30164
-15.6851 -196.807 0.0177284 1.78384 2.67577
-87.7404 -196.216 0 0.561554 0.842332
14.3089 -181.355 0 0.942706 1.41406
6.5078 -181.011 0 0.987268 1.4809
-179.747 -178.561 0.739487 0.775899 1.16385
141.446 -178.461 0.580803 0.414735 0.622103
287.129 -167.728 0 0.507945 0.761917
-205.517 -166.317 0.701488 1.42667 2.14001
-9.8229 -166.154 0.2729 1.87015 2.80522
-82.7275 -178.67 0 2.4183 3.62745
-220.099 -178.885 1.60916 3.74795 5.62192
-14.8828 -177.734 0.860495 4.21251 6.31876
206.928 -176.987 0 3.4074 5.1111
-138.36 -176.548 0.104347 0.67726 1.01589
-93.736 -176.265 0.550316 0.846575 1.26986
-167.022 -176.202 0 3.62745 5.44118
231.917 -176.149 0.725867 4.21931 6.32896
348.08 -174.689 0 4.29673 6.4451
-197.548 -173.937 0.930621 2.31535 3.47302
-191.726 -171.938 0 3.786 5.679
-184.627 -172.328 1.89692 1.60626 2.4094
251.11 -173.174 2.92738 3.58772 5.38158
269.719 -173.149 1.41923 1.36506 2.04759
-177.108 -172.245 0 3.58772 5.38158
-31.0923 -171.847 0 3.63929 5.45893
-6.5759 -171.842 0.102874 0.95779 1.43669
47.2729 -171.613 0.954985 4.06003 6.09005
135.025 -171.698 0 4.25651 6.38477
-164.156 -170.697 2.26481 3.01457 4.52185
356.991 -169.181 1.294 2.2967 3.44505
226.806 -170.206 0 0.911789 1.36768
24.1932 -169.784 0 5.41808 8.12712
-149.695 -169.363 3.27531 2.7196 4.0794
-201.81 -168.388 0.85135 1.35452 2.03178
-18.274 -168.032 1.52326 2.83318 4.24977
155.633 -167.83 0.851998 3.0711 4.60664
-180.197 -166.976 1.85258 3.06643 4.59964
232.529 -152.87 0 1.14835 1.72252
-40.0562 -152.442 0.024487 1.3859 2.07885
253.946 -146.161 0 0.414735 0.622103
-174.894 -151.081 0.165051 1.60626 2.4094
-37.2352 -151.223 0 1.17305 1.75957
-146.255 -150.882 0.202482 2.61755 3.92632
166.007 -150.552 0 1.93049 2.89573
142.142 -149.436 2.84157 5.35153 8.0273
153.158 -149.216 0.341624 3.24361 4.86541
268.838 -148.786 0.795484 5.53585 8.30377
83.5431 -149.267 0.0752221 2.74583 4.11874
126.198 -149.021 0.346 4.61209 6.91813
241.669 -147.756 0 1.37552 2.06328
-206.795 -145.874 1.02891 2.71433 4.07149
-150.614 -146.149 0.215683 3.39898 5.09846
13.5459 -147.381 0 5.46287 8.1943
204.839 -147.927 0.185841 3.89424 5.84137
326.283 -147.005 2.00948 3.27439 4.91159
33.9541 -146.671 0.605764 3.70951 5.56426
257.072 -146.259 0 1.33319 1.99978
360.063 -146.383 0 4.03169 6.04753
338.464 -145.331 0.131505 2.47107 3.70661
303.4 -144.544 0 5.61299 8.41948
-176.843 -144.555 0.43917 1.75957 2.63936
55.5617 -144.623 0 3.00504 4.50756
240.376 -144.113 0 1.5049 2.25736
-173.653 -141.775 0.49066 1.73496 2.60244
-180.544 -140.541 0.400433 0.3786 0.567901
-168.625 -141.059 0.191178 1.11027 1.66541
335.18 -141.249 0.544495 1.893 2.8395
-36.769 -140.567 0.474861 2.00336 3.00504
-202.629 -161.898 0.517534 0.829471 1.24421
245.061 -165.769 0.402069 3.11282 4.66923
353.045 -165.12 0 1.83142 2.74713
36.1342 -164.502 0.532613 3.30923 4.96385
-13.3596 -164.55 0.24705 0.879787 1.31968
229.221 -164.207 0 2.92283 4.38424
272.078 -163.883 1.63742 3.75177 5.62765
-189.179 -160.865 0.589746 3.0288 4.5432
-154.283 -161.656 0.19454 3.43255 5.14882
-74.2809 -166.97 0 6.34423 9.51635
-226.648 -164.278 0 4.58716 6.88074
-83.089 -159.388 0.236993 1.07084 1.60626
-219.154 -159.361 0 1.09729 1.64593
-203.577 -159.352 0.31953 0.972641 1.45896
-198.433 -158.761 1.14003 3.05706 4.5856
-1.8728 -158.554 0 4.3167 6.47505
-16.8474 -157.173 0.475782 4.19888 6.29831
-62.3765 -156.481 0 1.9379 2.90685
259.176 -152.84 0 4.33988 6.50982
-166.079 -152.882 0 5.0227 7.53405
-126.348 -153.259 0.0447707 5.55137 8.32705
-170.894 -194.075 0 1.3439 2.01584
-155.367 -188.661 0 1.07084 1.60626
-172.292 -188.605 0.151055 2.14169 3.21253
-165.282 -188.102 0 1.65028 2.47542
243.202 -191.214 2.09777 2.51135 3.76702
304.508 -190.584 0.577274 3.5717 5.35755
-41.554 -190.563 0.267204 1.12311 1.68466
-52.3915 -189.586 0.449602 0.829471 1.24421
232.734 -189.042 1.08643 2.43602 3.65403
-73.2832 -188.955 0.111436 1.23263 1.84895
323.653 -186.879 0.581793 4.0565 6.08475
-160.633 -195.24 0 4.84253 7.26379
6.3533 -195.494 0 4.33327 6.49991
-64.3843 -194.097 0.59632 4.61209 6.91813
71.1573 -194.364 1.28515 4.11961 6.17942
-5.4 -194.392 0 2.53973 3.80959
-32.5525 -193.209 0.413721 1.7016 2.55239
103.229 -192.356 0 3.978 5.967
251.903 -193.687 1.20911 3.23919 4.85878
292.307 -185.113 0.578568 5.72174 8.58261
257.648 -185.263 2.17698 4.04588 6.06883
-168.81 -184.901 0.483938 2.03178 3.04767
-151.571 -185.654 0 3.15399 4.73099
126.706 -183.019 0 3.16307 4.7446
273.084 -183.202 0 1.20915 1.81373
-224.54 -182.834 0.815765 0.972642 1.45896
-176.736 -182.266 1.14555 2.76145 4.14217
0.8328 -182.435 0 1.2783 1.91745
30.006 -181.778 0.904629 3.21253 4.81879
267.899 -180.462 0.701169 3.67846 5.51769
-47.1535 -179.802 0 5.40484 8.10726
-233.666 -178.092 0 5.79394 8.69091
-114.19 -175.208 0.341874 5.37025 8.05538
262.057 -124.625 0.942735 1.57016 2.35524
-154.489 -122.647 0 3.8461 5.76915
-171.641 -120.699 0.806184 3.27877 4.91816
37.0925 -123.061 0.805057 2.86838 4.30257
253.65 -121.489 0.34335 1.57016 2.35524
5.1632 -118.994 0.642176 1.3859 2.07885
227.378 -118.722 0.998735 4.59652 6.89478
292.555 -120.179 0 4.76194 7.1429
352.443 -118.585 0.237394 3.15853 4.73779
-32.4052 -118.902 0.914372 2.69844 4.04766
-217.613 -116.361 0.137605 0.561555 0.842332
-91.9776 -117.802 1.1552 3.67066 5.50599
61.4042 -114.977 0.25616 1.56101 2.34151
253.836 -96.921 0.46802 0.655753 0.98363
118.875 -90.372 0.497092 1.65028 2.47542
-199.267 -95.466 0.0600378 2.25259 3.37889
116.579 -94.166 0.108859 2.35829 3.53743
-136.494 -90.401 1.67283 3.52728 5.29093
206.569 -89.599 0 3.04296 4.56444
243.511 -88.481 0 4.51154 6.76731
-129.306 -86.681 0 3.81241 5.71861
-96.023 -87.07 1.46219 4.2057 6.30855
-108.629 -86.839 0.518023 3.11282 4.66923
191.998 -85.322 0.252778 3.28314 4.92471
-80.5296 -85.614 0.884351 1.92305 2.88457
14.396 -105.261 0.475289 0.169315 0.253972
235.775 -111.663 0.0983593 1.26704 1.90056
-226.059 -109.492 0.276611 3.73646 5.60469
47.8251 -110.61 0.649279 2.56779 3.85168
90.671 -107.942 0.443817 0.95779 1.43669
38.7311 -106.802 0.473443 4.34319 6.51478
-75.9031 -107.536 0.416738 4.48924 6.73387
-52.504 -107.211 1.27484 0.239448 0.359171
-163.847 -106.204 0 1.00168 1.50252
257.845 -105.932 0 3.20359 4.80538
15.146 -105.861 0.169557 0.239447 0.359171
-117.101 -105.491 0 4.92762 7.39143
14.696 -105.561 0.33099 0.169315 0.253972
-133.812 -115.627 0 5.39422 8.09133
119.422 -115.47 0.863194 4.07061 6.10591
-210.087 -113.274 0.666722 3.89793 5.84689
-170.33 -111.8 0.0237719 3.45336 5.18005
68.5545 -114.971 0.62656 4.15426 6.23139
242.698 -114.838 0 6.36453 9.5468
147.306 -113.515 0 3.13118 4.69677
-184.844 -110.478 0.851622 3.47818 5.21727
-44.1322 -106.533 0 6.82531 10.238
-159.975 -102.843 0 0.987268 1.4809
78.5105 -102.564 0.676091 3.67066 5.50599
-168.848 -102.01 0.47977 1.56101 2.34151
247.092 -102.194 0 4.36951 6.55426
340.695 -101.594 0.152929 3.17663 4.76494
-185.996 -100.206 1.73687 3.11742 4.67613
-103.386 -100.552 0.624709 3.19014 4.78521
232.254 -100.255 2.33255 3.7594 5.6391
63.4998 -99.969 0 1.23263 1.84895
213.004 -99.091 0.575416 3.74795 5.62192
9.1885 -98.498 0.988524 5.70669 8.56004
239.1 -96.747 1.52985 1.4565 2.18475
-66.2044 -51.029 3.79809 2.66099 3.99149
179.696 -50.061 0.634884 0.169315 0.253972
178.134 -66.026 0.183265 2.68779 4.03169
-115.319 -65.848 1.80011 3.76702 5.65053
-105.016 -65.398 0 3.22588 4.83883
146.604 -63.811 3.05594 1.01589 1.52384
-178.43 -62.192 0.379802 2.15503 3.23254
143.9 -62.661 2.79466 0.846575 1.26986
-4.6065 -61.759 0 5.90907 8.86361
-227.026 -60.202 0.361902 4.56837 6.85256
-126.718 -60.462 1.25144 3.88319 5.82478
146.62 -60.659 0.516933 0.564383 0.846575
-157.491 -60.777 2.30553 2.00336 3.00504
-157.615 -57.577 0 0.564384 0.846575
20.6652 -57.598 1.64526 2.79754 4.19632
333.496 -57.903 0.475911 3.86469 5.79703
48.6768 -58.03 0 3.95632 5.93449
59.0835 -56.516 2.16729 2.3461 3.51915
80.5066 -57.2 2.50505 3.60367 5.4055
217.417 -56.529 2.22178 3.81617 5.72425
354.074 -56.088 0.408056 3.4116 5.1174
170.508 -55.407 0.705877 3.26124 4.89186
-167.124 -52.504 0.561027 3.71723 5.57584
-60.1933 -52.908 2.0832 3.80111 5.70167
238.046 -51.995 0.333587 3.72108 5.58162
260.851 -33.798 2.2603 2.76144 4.14217
-8.254 -29.661 1.40047 0.794158 1.19124
220.063 -16.611 0.287441 0.718343 1.07751
347.89 -26.358 1.51193 1.65894 2.48841
-116.847 -24.775 0.988749 0.775899 1.16385
343.167 -25.153 0 2.8883 4.33244
-205.395 -31.005 0 5.14673 7.7201
-98.1755 -30.442 0.774934 4.88086 7.32129
49.1083 -31.795 0 5.35956 8.03934
-19.5151 -31.716 1.95024 3.29186 4.93779
155.017 -30.975 0.268261 5.76915 8.65372
187.008 -30.583 0.41652 3.11742 4.67613
-159.562 -30.027 0 6.40718 9.61077
171.352 -28.658 2.09967 3.42 5.12999
31.0848 -27.732 0.443685 5.94534 8.91802
1.2129 -24.937 0.336048 4.6276 6.9414
-217.198 -23.238 0 1.63282 2.44922
236.769 -24.153 0.710545 3.3222 4.9833
268.401 -22.872 0.616203 2.18803 3.28205
164.62 -23.003 1.36688 1.3859 2.07885
170.328 -22.737 0.716922 1.90808 2.86212
62.3607 -23.514 1.35534 3.85354 5.78032
274.457 -23.077 0.928371 3.4116 5.1174
-90.696 -21.067 2.41033 4.44109 6.66164
-49.5574 -22.755 1.6552 2.60107 3.9016
-17.751 -21.882 2.39425 3.67846 5.5177
-111.486 -17.688 0 3.4116 5.11741
-46.2715 -18.941 2.54453 2.83318 4.24977
134.816 -20.331 0.28539 0.927376 1.39106
282.003 -19.616 0 2.13498 3.20247
-7.0711 -16.4 0.490967 3.94907 5.92361
-68.0348 -45.423 0 0.610474 0.915711
-177.508 -49.688 0 4.27332 6.40998
-101.596 -48.656 1.61318 3.12201 4.68302
184.113 -48.743 0.0659403 1.85475 2.78213
36.949 -48.352 0.151592 5.20489 7.80733
5.7484 -47.627 0.797935 6.22103 9.33155
180.716 -47.394 0 1.25567 1.88351
224.767 -47.185 2.39997 2.87835 4.31753
-128.668 -46.326 1.34068 3.16307 4.7446
209.264 -46.778 0 6.22333 9.335
-43.7935 -44.469 0.937087 4.87204 7.30806
196.383 -43.962 0.470339 3.03353 4.55029
55.3557 -42.44 0.640382 3.88319 5.82478
254.951 -40.581 0.765055 4.99694 7.49541
234.344 -37.595 0.251273 3.53134 5.29702
186.979 -40.371 0.950728 4.86909 7.30364
102.453 -39.956 0.648648 5.53844 8.30766
-27.2819 -39.84 1.94456 3.8461 5.76915
-185.004 -34.23 0.21248 4.94214 7.41322
-138.314 -35.087 1.7848 4.04589 6.06883
-122.202 -35.343 1.05989 4.04234 6.06351
81.5742 -37.47 0.705867 4.56837 6.85255
15.4093 -34.96 2.35232 3.08042 4.62063
216.453 -31.64 0 5.74674 8.62011
124.905 -76.328 1.28854 1.3439 2.01584
331.688 -75.277 2.00767 2.05283 3.07925
99.3162 -82.488 1.23857 3.75177 5.62765
-151.959 -75.611 1.79501 3.34799 5.02198
-119.932 -78.021 0.64281 0.846575 1.26986
-24.4151 -78.316 1.01684 4.60587 6.9088
267.432 -82.037 0.592964 3.76321 5.64482
111.585 -81.362 0 1.77579 2.66369
64.524 -76.92 0 3.80111 5.70167
1.5981 -75.902 1.51713 3.50691 5.26036
100.424 -74.676 1.23081 3.79356 5.69034
-179.223 -83.096 0 4.90137 7.35206
32.3068 -82.493 0.956157 3.75177 5.62766
356.819 -72.866 0.820652 2.53407 3.80111
118.184 -73.106 0.486082 4.36623 6.54934
193.166 -70.911 0.122762 0.927376 1.39106
-47.3549 -72.384 0 7.95961 11.9394
-82.3641 -68.922 0 6.68526 10.0279
-24.2478 -68.021 0.639255 5.56168 8.34252
-200.569 -67.194 0.328831 4.66462 6.99693
234.957 -65.554 1.13316 4.1852 6.2778
-65.0609 -64.048 0 5.75671 8.63507
264.488 -133.761 0 0.846575 1.26986
268.946 -136.654 0 0.89593 1.3439
-159.027 -135.531 1.48771 1.50491 2.25736
345.402 -135.09 1.93036 2.86338 4.29506
-106.659 -133.334 1.1069 3.15399 4.73099
-60.1492 -143.105 0 5.19662 7.79493
-188.679 -139.715 1.6693 3.30923 4.96385
228.118 -140.776 1.0791 4.28002 6.42003
-164.091 -136.281 1.96407 2.74583 4.11874
-144.887 -138.44 0 5.43129 8.14694
153.086 -138.84 0.116192 3.09897 4.64846
97.8542 -138.807 0.820606 1.3859 2.07885
-84.9267 -137.786 2.00394 3.9852 5.9778
67.4849 -137.175 0.194749 5.70418 8.55627
332.461 -136.53 0 2.55099 3.82648
318.087 -135.972 1.10476 3.79734 5.69601
254.123 -133.91 0 5.68656 8.52984
-221.852 -131.783 0.422472 5.13558 7.70337
-153.51 -132.83 0.366826 3.91261 5.86891
-160.43 -129.85 0.774039 1.23263 1.84895
-50.6556 -130.641 0.0408321 5.21589 7.82384
330.124 -130.598 0.545586 2.25894 3.38841
267.059 -130.811 0.169526 1.17305 1.75957
-23.0904 -130.835 0 3.27877 4.91816
290.861 -129.861 0.673483 1.40644 2.10965
88.5322 -129.932 0.261565 3.80865 5.71297
-28.1093 -129.435 0.455344 0.738027 1.10704
42.6138 -127.41 1.59061 3.47818 5.21727
102.314 -127.214 1.27161 4.1852 6.2778
-28.4596 -126.405 0.129206 0.879787 1.31968
-172.391 -126.307 1.27577 3.56966 5.35449
121.886 -126.16 1.31992 3.27002 4.90502
-0.4146 -127.881 0 6.98925 10.4839
-69.0906 -124.766 0.157961 5.73426 8.60139
70.3108 -124.585 0 5.07663 7.61494
164.243 0.582 1.04388 1.16076 1.74115
139.842 16.581 0.40459 1.43669 2.15503
157.013 15.147 1.80127 1.01589 1.52383
-144.069 3.09 1.24033 2.66638 3.99956
294.118 3.623 0.664569 3.19014 4.78521
-65.2307 4.037 1.66585 4.76795 7.15193
163.906 3.982 2.26474 1.67613 2.5142
146.925 4.91 1.09295 1.09729 1.64593
190.187 7.287 0.365271 3.21698 4.82548
22.4542 7.791 0 4.03169 6.04753
315.883 8.913 0.512093 3.94544 5.91816
182.231 10.076 0.143364 4.30007 6.4501
39.252 10.135 0 6.85255 10.2788
152.224 11.561 2.28771 2.3461 3.51915
134.824 11.766 0.779186 1.70159 2.55239
263.52 12.489 0 1.14835 1.72252
135.82 28.017 0 2.20109 3.30164
-90.304 34.433 0 0.698104 1.04716
149.121 35.364 1.12971 0.586524 0.879786
336.087 31.127 0.0628144 2.57336 3.86005
217.618 31.592 0.759824 4.09518 6.14277
-97.1322 32.971 4.11089 1.42667 2.14001
-54.9873 32.285 0.832999 4.01387 6.02081
257.55 32.507 1.7771 1.78384 2.67577
143.9 33.503 1.23361 3.00027 4.5004
127.927 33.346 0.423133 4.56837 6.85255
-22.9381 35.412 0 6.71521 10.0728
289.401 36.287 0 3.61161 5.41742
231.547 33.679 1.61517 3.63535 5.45302
170.723 35.293 0.317067 2.19457 3.29186
155.146 36.372 0.421597 0.718343 1.07751
-154.961 36.695 0.353914 4.19204 6.28807
96.149 36.984 0.179777 4.35308 6.52961
223.045 39 0.722412 2.20109 3.30164
271.66 38.639 0.105017 1.90056 2.85083
348.182 40.767 3.75178 2.01762 3.02643
324.047 39.581 0.179694 3.76321 5.64482
160.992 39.81 0.0579793 2.85837 4.28755
149.433 40.322 0 1.67613 2.5142
283.041 40.472 2.04284 2.70904 4.06356
128.246 42.236 0.974722 0.95779 1.43669
225.793 42.608 0.70168 0.911789 1.36768
-137.247 17.823 4.16719 1.78384 2.67577
260.781 17.682 0.316426 3.88688 5.83031
134.952 18.36 0.921911 2.2076 3.3114
-231.153 18.885 2.98491 3.22144 4.83216
250.834 18.689 0 3.86469 5.79703
69.3966 18.804 2.51093 2.9811 4.47165
-82.7354 18.971 0.25988 5.41808 8.12712
170.215 18.846 1.99153 3.9527 5.92905
157.188 18.75 1.39362 1.44663 2.16994
-140.356 19.97 3.65729 1.57927 2.3689
96.4474 12.896 0.375796 5.79394 8.69091
-171.415 16.71 1.04103 5.29499 7.94248
130.441 15.99 0 3.05706 4.58559
-105.424 16.843 1.84794 4.59964 6.89946
-24.2667 17.617 0.20027 6.13051 9.19577
9.461 16.978 0.635561 4.45076 6.67615
133.555 22.634 0.993029 1.83142 2.74713
176.894 24.624 1.07643 1.71836 2.57754
-115.135 25.2 2.00049 3.19911 4.79867
-150.755 26.929 0.593309 2.96664 4.44996
-126.706 25.781 1.86987 3.52322 5.28483
142.261 27.418 0 2.40642 3.60963
56.4612 25.304 0.367643 6.03151 9.04727
300.8 26.046 0 5.76914 8.65372
-35.3183 27.681 1.60138 3.74795 5.62192
-92.3018 29.513 0 3.61161 5.41742
157.359 29.378 0.247333 4.46363 6.69544
23.4 30.674 0 7.01586 10.5238
-153.004 55.689 2.00153 0.239448 0.359171
100.266 56.094 0 1.16076 1.74115
-140.59 56.269 0.67327 1.0299 1.54486
-155.012 57.201 0.330367 0.610474 0.915711
-87.0702 58.202 1.1565 2.74583 4.11874
156.274 57.466 1.07565 3.65501 5.48251
203.054 57.317 2.07968 2.35828 3.53743
199.985 60.794 1.13493 2.46431 3.69646
341.734 62.176 0 5.06532 7.59798
-170.931 60.357 1.99261 2.93262 4.39893
228.769 60.85 0 5.24056 7.86085
168.316 60.954 0.385797 1.30053 1.9508
50.1543 62.132 1.30328 4.6245 6.93675
-29.6435 62.389 1.25584 1.84701 2.77051
-220.614 62.436 2.73872 4.4572 6.6858
-11.904 63.014 1.96164 0.586524 0.879787
219.096 63.139 0.947975 0.414738 0.622107
211.011 63.989 0.554196 2.4183 3.62745
220.596 64.039 0.801793 0.29326 0.43989
179.586 64.103 1.35115 3.15399 4.73098
76.2815 64.526 1.90203 2.5566 3.8349
-48.229 43.464 0.463916 0.33863 0.507945
128.936 43.959 0.838321 0.3786 0.5679
208.82 45.543 0.391111 1.69315 2.53972
146.296 46.593 0.116372 1.05737 1.58606
-5.3553 36.925 0.222086 6.16316 9.24474
-223.215 39.846 0.598772 5.68405 8.52607
39.6305 39.585 0 4.91889 7.37833
102.842 39.765 0.679769 3.84237 5.76355
9.5753 41.761 0 5.03125 7.54687
58.8528 40.948 0 3.90894 5.86341
137.2 41.91 0 4.99407 7.49111
202.295 41.869 0.383727 2.9811 4.47165
-85.641 43.071 0 4.77396 7.16095
-133.96 43.141 1.74433 5.36224 8.04336
143.599 42.565 0 1.63281 2.44922
-55.3461 44.016 0 4.78895 7.18343
151.475 44.317 0.163705 1.82358 2.73537
164.932 44.786 0 2.0105 3.01576
79.1581 46.604 0 5.08509 7.62764
-46.9949 47.875 0.619623 0.561555 0.842332
-155.771 48.575 0.527245 3.27002 4.90503
108.871 48.667 1.46374 3.96356 5.94534
190.832 49.52 0 2.14168 3.21253
227.06 50.163 0.220683 0.846575 1.26986
44.806 50.432 0.105728 1.60626 2.40939
-150.991 54.3 2.21995 1.47605 2.21408
-71.818 51.483 1.50711 1.19724 1.79586
274.179 50.306 0 3.65893 5.48839
210.003 51.178 0.282504 1.5518 2.3277
-44.11 51.79 2.60622 3.78221 5.67332
199.089 52.488 1.23596 2.48841 3.73262
138.189 53.051 0 1.90056 2.85083
-74.7285 53.974 1.29257 1.77579 2.66369
-4.3415 53.321 0 5.38624 8.07936
331.627 53.095 0 4.38261 6.57391
217.467 53.475 0.781048 3.82742 5.74113
87.7479 54.841 0.00967395 5.41543 8.12315
-60.1043 56.58 1.13345 3.08507 4.6276
59.6293 56.809 1.68326 4.33988 6.50983
250.274 57.462 1.68783 4.01744 6.02616
29.3863 59.598 1.28793 6.16548 9.24823
94.0713 92.109 1.37342 3.19463 4.79194
-20.9371 92.446 2.1436 2.73012 4.09518
234.429 93.606 0.384536 0.507945 0.761917
-166.804 83.139 0.638772 0.169315 0.253972
-167.104 83.439 0.531189 0.169315 0.253973
287.351 80.048 3.64213 1.37552 2.06328
212.816 80.259 0 0.3786 0.5679
261.23 81.38 1.18619 2.97629 4.46443
-166.004 82.359 0.602277 0.655754 0.983632
-34.7359 82.648 1.56335 4.17491 6.26237
114 82.786 1.62802 2.48264 3.72397
246.941 84.005 0.996738 3.39475 5.09213
325.853 83.909 0.247053 3.8461 5.76914
106.041 84.52 0.663719 3.78978 5.68467
-132.978 88.353 0 6.65949 9.98923
175.776 88.925 0.423582 1.61516 2.42274
67.696 88.889 0 0.718343 1.07751
-167.859 89.19 0.353655 3.94544 5.91816
-45.3196 124.38 1.87623 2.57651 3.86476
-128.194 126.629 0.238272 0.927376 1.39106
62.5324 114.094 0.445755 0.561554 0.842331
193.672 110.925 0 2.09431 3.14147
212.986 112.738 0 2.03882 3.05823
-224.534 114.756 2.81372 1.62401 2.43602
-123.55 114.876 0 5.12161 7.68241
-180.435 116 1.06228 5.32737 7.99106
-81.704 113.389 0.463038 0.414736 0.622103
112.136 113.553 0 4.01387 6.02081
349.614 113.665 0 3.89056 5.83584
188.918 114.439 0.643436 2.8883 4.33245
289.395 115.125 1.18809 2.85335 4.28002
28.3843 115.307 0 6.57719 9.86578
-87.4394 117.676 0.934263 2.6556 3.9834
-227.421 118.378 2.34245 2.37041 3.55562
73.7889 118.412 0.893956 3.978 5.967
-197.125 118.938 0.159569 3.9527 5.92905
163.206 119.812 0.614901 4.63379 6.95068
-46.1461 120.124 1.77997 2.03882 3.05823
94.2907 120.62 0.451702 5.20213 7.8032
-132.454 121.877 0.359313 0.478895 0.718342
213.012 122.302 0.898115 4.89552 7.34327
-165.03 123.013 0.589068 5.05683 7.58524
132.816 124.437 1.08964 3.4823 5.22344
295.904 124.992 0.553957 3.3222 4.9833
240.98 124.26 1.17576 3.65108 5.47663
233.235 97.954 0 0.610474 0.915711
-201.982 100.518 0.42283 1.79186 2.68779
-78.1707 92.597 1.049 3.43672 5.15508
-109.022 95.094 0.30882 4.60275 6.90413
330.973 96.068 0.594689 0.942706 1.41406
45.2788 98.515 0.890696 5.82601 8.73902
239.395 99.063 0.418327 3.51507 5.2726
338.86 100.236 0 6.2095 9.31424
-151.297 101.003 2.42481 4.6183 6.92745
-182.958 100.804 0.760793 5.85791 8.78687
305.975 90.659 0.787693 5.39953 8.09929
-70.1507 101.512 0.0119026 1.1358 1.7037
-198.656 103.106 0 1.8157 2.72355
98.8582 101.423 1.87809 4.90137 7.35205
-8.9003 101.339 0 5.53067 8.296
74.373 102.01 1.54504 4.45076 6.67614
-83.8625 102.085 0 3.6979 5.54684
17.6754 102.358 0 6.03151 9.04727
-202.894 107.404 1.14511 2.53408 3.80111
-163.731 107.049 1.10188 3.82367 5.73551
-76.2267 103.94 0.12485 1.84701 2.77051
-23.5954 106.322 2.43076 3.31788 4.97683
83.745 108.255 0.53931 4.41195 6.61792
186.602 108.78 1.1063 2.06675 3.10013
261.775 108.707 1.30632 3.76702 5.65053
227.145 108.825 1.95595 2.77181 4.15771
-74.187 110.148 0 3.23476 4.85214
-56.1246 112.016 0 5.89207 8.8381
-98.597 112.527 0.0212436 6.01486 9.02228
-1.1488 113.725 0 5.90907 8.86361
225.491 143.655 0.216243 1.11027 1.66541
-66.8832 163.34 0.851656 1.7016 2.55239
208.732 145.86 0.327561 0.633519 0.950278
117.834 147.215 0.724766 3.14489 4.71733
-27.3729 147.064 0.872015 1.32239 1.98359
-175.671 147.875 0.213563 2.16829 3.25244
63.1727 147.978 0 4.84844 7.27267
199.815 149.007 0 2.92283 4.38424
15.8587 151.186 0.276576 2.09431 3.14147
19.496 152.439 1.73835 0.169315 0.253973
225.01 151.015 0 3.31788 4.97682
19.046 152.739 2.04547 0.239448 0.359172
18.596 153.039 2.23553 0.169316 0.253974
340.558 154.02 0 2.23342 3.35013
-52.9644 155.747 0.78258 4.81879 7.22819
242.735 154.265 0 3.77082 5.65623
253.571 155.24 0.568642 3.67456 5.51185
202.548 156.695 0 2.54536 3.81804
-177.783 192.556 0.125393 1.16077 1.74115
144.731 192.825 0.611951 0.564383 0.846575
-96.8389 184.787 4.41088 1.17049 1.75573
-191.389 182.516 0.41373 4.61209 6.91813
-79.6916 183.776 2.56995 3.36507 5.04761
346.8 182.646 1.58369 3.59171 5.38757
-14.692 185.422 1.6076 3.97079 5.95618
261.039 184.587 1.52749 3.67456 5.51185
340.177 184.662 1.57953 3.55158 5.32737
-92.0665 186.845 2.75898 0.957791 1.43669
-200.18 185.81 1.39886 3.09897 4.64846
-136.337 187.273 0.479438 4.99981 7.49972
-119.317 187.374 1.70772 3.01457 4.52185
-204.934 187.648 0.658523 2.3461 3.51915
-95.031 188.407 0.81938 1.4565 2.18475
-146.754 190.439 0 0.718343 1.07751
147.026 187.872 0.958991 5.05399 7.58098
122.385 190.92 1.92304 2.63392 3.95088
160.828 191.781 1.45651 3.10821 4.66231
-184.052 192.196 1.23273 2.73012 4.09518
-78.0373 169.706 0.297373 0.507945 0.761918
-99.3194 161.196 0 5.9838 8.97569
-167.404 162.598 0 7.20137 10.802
144.037 162.581 0.466363 4.5558 6.8337
-218.252 165.671 0.821179 5.28686 7.93029
167.879 164.612 0.261544 5.4812 8.22181
227.718 165.278 0.990706 3.74029 5.61043
308.59 166.743 0.560443 4.11961 6.17942
34.062 165.764 0.298009 5.33812 8.00719
188.357 165.835 0 5.7592 8.6388
254.844 167.14 0.720191 3.07576 4.61364
-122.67 168.139 0.302576 4.23964 6.35947
68.1484 171.623 0.448519 2.80777 4.21166
-190.585 171.054 1.37825 3.69402 5.54103
121.028 172.346 2.81656 4.47325 6.70987
-150.02 173.497 0.805922 4.2057 6.30855
318.852 174.611 0 1.24421 1.86631
151.721 174.939 0.232646 0.478895 0.718342
-1.1278 176.143 0 5.75173 8.62759
-86.1007 177.809 0.802132 4.55895 6.83842
26.6169 178.755 0.172106 6.06942 9.10413
-172.151 178.4 0 5.62065 8.43097
-40.6626 180.749 0 6.41165 9.61748
-89.104 133.089 3.26236 0.239448 0.359171
332.27 127.241 0.937447 3.23032 4.84548
-75.101 130.118 0 4.75591 7.13387
-105.954 131.372 0 5.63084 8.44626
-13.2418 131.595 0.628534 3.5354 5.3031
-136.679 133.84 0.732268 5.3031 7.95466
-34.7964 132.906 0.287581 5.21864 7.82796
0.1267 134.672 0 6.35101 9.52651
-90.6665 126.573 0 4.51154 6.76731
143.8 136.188 0.693374 4.51471 6.77207
171.143 137.133 0 5.47597 8.21396
-180.596 137.956 1.92835 2.92283 4.38425
71.3843 137.809 1.67079 3.20806 4.81209
32.7887 137.88 0 6.65087 9.9763
94.7407 138.287 0 6.59894 9.89841
242.735 138.378 0 0.812006 1.21801
-196.991 139.965 1.04518 5.1244 7.68661
202.432 139.805 0.441017 3.14489 4.71733
358.346 139.93 0 3.65501 5.48251
-229.48 140.94 0 5.65877 8.48816
237.699 142.754 0 2.6771 4.01566
-111.896 69.97 0.93778 1.05737 1.58606
-176.755 69.518 0.316534 1.16077 1.74115
208.112 69.729 0 2.05283 3.07925
280.797 63.804 0.571326 4.88379 7.32568
-53.8561 65.256 0.387406 4.27332 6.40998
-23.8464 65.966 2.02143 4.19888 6.29831
358.182 66.54 0 4.63997 6.95996
17.1836 67.834 0.139579 4.81284 7.21926
222.39 66.313 0 2.07368 3.11051
225.789 67.916 0.897185 1.60626 2.40939
-76.4457 67.971 1.46432 2.82305 4.23457
193.917 69.186 1.18649 3.29186 4.93779
-53.884 72.219 1.89081 0.655754 0.983632
-155.315 72.346 0.787522 1.12311 1.68466
209.903 73.372 0.62357 1.7432 2.61481
100.903 74.014 2.32165 3.08042 4.62062
112.713 74.189 0 0.718343 1.07751
-156.604 74.439 0.801182 0.169315 0.253973
-164.14 75.349 1.09498 1.83142 2.74713
-7.545 74.72 1.65981 5.39953 8.0993
285.905 76.706 4.26044 1.7432 2.61481
-21.2373 76.072 0.737843 0.507945 0.761918
41.5353 75.756 1.55293 3.80865 5.71297
111.236 76.179 0.175294 0.3786 0.5679
221.034 77.005 1.65428 2.53407 3.80111
115.121 76.871 0 1.26704 1.90056
182.098 76.599 0 2.38848 3.58272
-225.404 78.119 0.437455 0.655754 0.983632
107.807 77.111 0.702141 1.66756 2.50134
-174.522 78.545 0.976955 4.44432 6.66648
-60.9755 77.665 1.74036 3.8461 5.76915
-47.0672 78.869 0.978171 3.74412 5.61618
-185.269 80.803 0.531349 4.3167 6.47506
-149.581 79.151 2.0546 3.85726 5.7859
352.075 78.785 0.692552 5.24603 7.86905
127.426 79.445 0 3.9016 5.8524
-87.5016 80.218 1.53627 3.80111 5.70167
197.84 80.244 0.555246 3.77462 5.66193
-99.9067 -14.925 1.14887 4.34978 6.52467
-212.651 -13.867 0 4.84549 7.26823
-62.0446 -13.689 0.836624 4.99121 7.48681
51.1248 -12.632 0.176064 4.15081 6.22621
198.716 -12.287 0.730425 2.2076 3.3114
-186.544 -11.162 0.550158 7.03218 10.5483
345.974 -10.61 1.59558 3.978 5.967
267.472 -10.021 0.388814 3.65501 5.48251
-126.599 -7.898 0.589915 5.7592 8.6388
248.862 -7.436 1.32862 3.6314 5.4471
227.41 -7.073 0.825064 4.68914 7.03371
-33.883 -17.021 0 5.83584 8.75377
-170.993 -16.164 1.55376 5.1523 7.72845
-205.067 -3.689 2.05424 4.52423 6.78635
-4.0631 -4.993 0.488279 1.37552 2.06328
13.9887 -4.656 0 6.93572 10.4036
194.753 -6.081 1.11056 3.26124 4.89186
287.671 -6.333 0.440155 3.9888 5.98319
152.875 -4.744 0.336739 3.16759 4.75139
68.0009 -4.048 0.765396 5.23509 7.85264
180.609 -3.82 1.09667 3.59171 5.38757
303.091 -1.658 0.0896762 1.44663 2.16994
256.253 -3.367 0 3.51915 5.27872
56.9945 -3.133 0 2.43013 3.64519
240.052 -1.859 1.88451 4.41519 6.62279
147.095 -0.103 0.926161 1.98178 2.97267
264.489 -1.141 1.42973 1.98178 2.97267
-27.6984 0.49 0.408406 3.70951 5.56426
90.0605 0.31 0 7.28251 10.9238
-5.1627 3.155 0 5.19386 7.79079
359.662 4.167 0.772207 5.03409 7.55114
-168.484 -215.751 0.334634 0.535422 0.803132
-182.772 -212.961 0.875376 3.53945 5.30918
-58.084 -214.961 0 1.46631 2.19947
326.664 -213.108 0 1.2783 1.91745
-55.3738 -213.023 1.00635 1.23263 1.84895
105.086 -213.025 2.42109 3.31356 4.97034
289.865 -212.555 0.661638 4.91597 7.37395
-163.655 -224.223 0 5.00554 7.50832
-25.8383 -220.885 0 5.03125 7.54687
123.402 -220.666 2.48024 3.47818 5.21727
101.039 -220.025 0 3.4074 5.1111
0.6566 -220.024 1.52733 2.32153 3.4823
354.503 -219.495 0 4.80687 7.21031
-109.922 -218.017 0.851809 2.16167 3.24251
-52.0736 -219.505 0.243247 2.47687 3.7153
-56.5684 -217.823 0 1.44663 2.16994
64.5908 -217.42 0 4.05296 6.07945
313.659 -216.727 0 2.49416 3.74125
335.1 -215.701 0.749952 3.33512 5.00268
-120.39 -215.972 2.54828 3.13576 4.70364
-206.704 -210.261 0.45446 0.169315 0.253973
-207.004 -209.961 0.536737 0.169313 0.25397
-208.054 -209.082 0.373388 0.633519 0.950279
-40.2979 -211.466 1.07705 4.06003 6.09005
13.8125 -210.435 0.0894943 2.9811 4.47165
332.35 -209.85 1.26147 1.5518 2.32769
20.7085 -209.236 0 0.829471 1.24421
219.576 -209.237 0.0674397 1.989 2.9835
341.677 -206.193 0.131566 2.02471 3.03707
-105.549 -207.379 3.45124 3.9816 5.97241
253.381 -207.134 1.28496 3.26563 4.89844
-174.589 -205.779 0 4.10916 6.16374
-160.51 -206.186 2.05945 3.86469 5.79703
39.3592 -205.49 1.27696 3.51915 5.27872
265.154 -204.462 0.877107 3.65893 5.48839
-80.704 223.925 0.824951 0.447965 0.671948
300.853 226.293 1.15542 2.84832 4.27248
-77.2505 225.758 0 2.48265 3.72397
41.3498 228.206 0.201267 1.22095 1.83142
256.946 214.089 0 0.414735 0.622103
-208.906 217.724 0.647046 4.37607 6.5641
-48.7594 218.006 0 2.82305 4.23457
-90.7254 218.433 0 4.14044 6.21066
92.3278 216.572 0.290528 2.51135 3.76702
286.532 213.815 0.544293 3.63929 5.45893
149.096 219.339 0 0.3786 0.5679
-65.6578 219.934 0 1.36506 2.04759
256.582 221.31 0 0.447965 0.671948
326.101 221.896 0.318818 4.14389 6.21584
306.022 221.53 0.948767 3.34799 5.02198
129.42 222.559 1.12659 1.08415 1.62622
-85.576 223.939 2.08265 2.07368 3.11052
-46.2524 223.22 0 0.942706 1.41406
26.6103 224.633 0.125419 2.37041 3.55562
136.678 225.177 2.23297 3.81241 5.71861
290.186 258.009 0.0764542 0.535421 0.803131
285.806 257.859 1.02504 0.757199 1.1358
330.029 258.872 0.217848 0.507945 0.761917
34.2826 242.993 0.409621 2.06675 3.10013
-89.3342 242.923 0 2.40642 3.60963
189.832 243.381 0.0239481 1.75957 2.63936
-154.275 243.892 0.611543 2.05284 3.07925
315.506 246.02 2.08023 3.14032 4.71049
-109.521 245.722 0.206768 1.00168 1.50252
5.9772 245.164 0.547381 2.43602 3.65403
58.9536 244.684 0 2.70374 4.05562
124.925 245.624 0.191606 3.25243 4.87865
174.645 245.918 0 5.39422 8.09133
47.1527 246.714 0 2.8883 4.33245
-159.304 248.439 0.828133 0.169315 0.253972
-160.054 248.889 0.653734 0.33863 0.507945
-160.504 249.339 0.73523 0.169315 0.253972
285.814 248.599 2.17982 3.76321 5.64482
327.246 248.309 2.47901 0.927376 1.39106
-154.204 250.689 0.489834 0.478895 0.718343
43.8437 249.441 0.146779 1.12311 1.68466
-118.395 249.358 1.28157 4.39893 6.5984
193.7 251.002 0.294308 3.85354 5.78031
24.3658 251.02 0.201528 1.11027 1.66541
-110.204 251.896 0.0313355 0.775899 1.16385
347.654 253.312 0.00564066 3.65893 5.48839
29.8828 253.262 1.24188 1.23263 1.84895
331.046 252.039 0.675328 0.33863 0.507945
330.476 253.119 0.333318 0.3786 0.567899
325.029 253.506 0 0.507946 0.761918
-58.2977 253.6 0.0524133 4.06356 6.09534
149.91 253.987 0 1.48573 2.2286
123.819 254.269 1.4162 2.21955 3.32933
16.7642 254.628 1.34224 2.6502 3.9753
143.384 254.63 0.660911 3.91627 5.8744
39.8 231.378 0.897124 1.69315 2.53973
-113.787 231.9 1.74747 3.43672 5.15508
132.455 233.778 1.06172 3.14944 4.72416
42.5045 234.861 1.04974 2.25259 3.37888
49.8942 234.541 0 1.25567 1.88351
117.834 229.24 0.759476 5.14951 7.72427
-123.785 230.569 1.2711 3.24803 4.87204
36.316 229.906 0.477087 1.60626 2.4094
194.231 230.064 0.844265 3.59171 5.38757
261.759 233.613 0 6.10239 9.15358
140.891 236.582 0 1.07084 1.60626
86.7389 236.953 0.407281 0.447966 0.671949
272.907 236.713 0.169183 1.16076 1.74115
98.3799 236.579 1.03824 3.42837 5.14255
306.3 237.975 0 4.95083 7.42625
46.896 238.756 0.437195 1.01589 1.52384
58.3595 238.74 0.365594 2.25894 3.38842
272.721 240.239 0.295117 0.586524 0.879786
235.347 241.51 2.57887 2.12151 3.18227
-46.4925 238.006 0 5.25695 7.88543
322.537 239.264 0 6.49384 9.74076
149.804 239.306 0 5.16896 7.75344
50.6088 240.974 0 2.37041 3.55562
74.4423 240.633 0 4.502 6.75299
279.73 243.952 0 4.5495 6.82425
-31.2848 244.098 2.14769 3.86098 5.79147
121.751 271.156 0 2.05981 3.08971
34.5442 274.025 0 4.30673 6.46009
5.7996 273.041 1.26751 2.19457 3.29186
-202.704 276.839 0.178266 0.414736 0.622103
257.636 277.419 0.678954 0.378599 0.567899
277.808 282.155 1.14296 1.46631 2.19947
19.3308 274.487 2.09962 4.2261 6.33915
275.861 275.952 0 3.21253 4.81879
61.8588 276.548 1.32419 4.32996 6.49495
316.196 278.444 0 1.31151 1.96726
345.065 279.322 1.10995 2.23983 3.35974
131.028 279.407 0 3.67456 5.51185
-19.879 278.458 0.431138 0.67726 1.01589
-73.3818 278.581 1.11407 3.09435 4.64152
336.698 281.824 0 5.18004 7.77006
259.379 280.229 0 1.57926 2.3689
252.441 280.865 0.583324 2.5622 3.8433
285.464 281.085 0 3.48641 5.22961
145.621 284.214 0.362788 1.01589 1.52383
323.483 286.139 0.0982897 0.82947 1.24421
50.6998 283.727 1.61049 4.26324 6.39486
139.596 283.721 0 3.86839 5.80259
-19.501 283.637 0.223916 2.41237 3.61855
262.763 286.536 1.04845 1.60626 2.40939
-144.901 284.945 1.79283 4.21931 6.32896
-50.1028 286.74 1.18546 2.68245 4.02368
120.747 287.748 0.62701 5.48643 8.22965
-15.033 288.695 0 4.25651 6.38477
-42.8507 288.537 0.140555 3.81241 5.71861
333.671 262.177 0 1.17305 1.75957
117.25 261.297 0.0609606 1.42667 2.14001
10.2603 262.689 0.759919 0.633519 0.950278
-30.5929 259.792 2.05785 3.8349 5.75235
29.3637 258.302 0.415144 1.36506 2.04759
125.187 258.636 2.51468 2.30293 3.4544
325.965 260.334 1.25573 2.29045 3.43568
4.854 259.733 2.35804 2.63936 3.95904
307.139 260.2 1.71817 2.87337 4.31005
300.552 259.888 0.246758 4.64923 6.97384
152.444 262.096 0.870313 4.07061 6.10591
-6.8623 256.512 0 3.69014 5.5352
47.0316 257.371 0.519014 4.15081 6.22621
178.099 258.063 0 3.53945 5.30918
-59.233 266.365 0.443603 3.86469 5.79703
284.86 264.938 1.44265 3.23032 4.84548
265.318 264.931 0 2.61206 3.9181
122.946 266.523 0 1.893 2.8395
184.328 267.032 1.83441 2.85335 4.28002
128.447 268.017 0.213834 2.12826 3.19238
336.884 269.198 0.618559 3.63535 5.45302
251.04 268.958 0.843695 1.99619 2.99429
150.693 269.436 1.13546 1.73496 2.60244
6.996 268.639 0.831947 0.414736 0.622104
39.865 268.829 0 0.911789 1.36768
97.4153 271.608 1.57461 5.64609 8.46914
-5.2709 271.009 1.13253 4.00315 6.00472
284.012 195.414 0.387034 4.68608 7.02912
339.114 196.728 0.163875 1.04373 1.56559
-191.104 197.139 0.290913 0.169315 0.253973
-191.892 197.852 0 0.478895 0.718343
231.155 197.386 0.734278 0.698103 1.04715
185.145 197.784 0.597894 1.3859 2.07885
-80.5471 198.19 1.82768 3.15853 4.7378
112.525 198.157 1.30831 3.13118 4.69677
228.746 198.939 0.597539 0.33863 0.507945
-215.579 201.639 0.151231 0.586524 0.879787
-185.902 202.105 0 4.34319 6.51478
-66.7111 199.323 0.922929 5.39156 8.08734
-0.1714 199.628 1.00057 5.53326 8.29989
322.849 200.686 0 3.66675 5.50013
230.214 201.343 0.436484 1.5049 2.25736
298.294 202.129 0.00597286 4.86025 7.29038
176.806 201.53 1.49841 3.61161 5.41742
-50.3685 201.267 0.158289 4.79493 7.1924
138.749 202.243 0.80102 5.50209 8.25313
311.844 190.884 0.622081 4.87204 7.30805
-223.815 194.528 0 5.82355 8.73533
345.654 203.359 0.7869 3.20806 4.81209
-97.7693 203.297 0.410647 4.53372 6.80059
119.243 205.843 1.60712 2.97147 4.4572
-228.976 206.604 0.469673 4.22949 6.34423
243.545 207.261 0 2.04584 3.06876
275.802 207.42 1.23375 4.12309 6.18463
264.312 207.193 0.0779095 3.94544 5.91816
-83.4683 207.677 0 1.26704 1.90056
141.296 208.139 5.05396 0.507945 0.761917
152.785 207.62 1.25449 5.78899 8.68348
-219.294 211.263 0.600466 3.96718 5.95077
307.426 210.968 0.0937995 3.19911 4.79867
352.326 211.026 0 1.60626 2.40939
-86.7052 212.244 0.385222 2.62848 3.94271
166.808 212.579 3.58625 3.35654 5.03481
107.093 213.663 1.08185 4.91597 7.37395
23.681 214.685 0 5.08509 7.62764
